0.000 0.250 0.025 
0.001 0.251 0.025 
0.002 0.252 0.026 
0.003 0.253 0.026 
0.004 0.254 0.027 
0.005 0.255 0.027 
0.006 0.256 0.028 
0.006 0.256 0.028 
0.007 0.257 0.028 
0.008 0.258 0.029 
0.009 0.259 0.029 
0.010 0.260 0.030 
0.011 0.261 0.030 
0.012 0.262 0.031 
0.013 0.263 0.031 
0.014 0.264 0.031 
0.015 0.265 0.032 
0.015 0.265 0.032 
0.016 0.266 0.032 
0.017 0.267 0.033 
0.018 0.268 0.033 
0.019 0.269 0.034 
0.020 0.270 0.034 
0.021 0.271 0.035 
0.022 0.272 0.035 
0.022 0.272 0.035 
0.023 0.273 0.036 
0.024 0.274 0.036 
0.025 0.275 0.036 
0.025 0.275 0.037 
0.026 0.276 0.037 
0.027 0.277 0.038 
0.028 0.278 0.038 
0.029 0.279 0.038 
0.030 0.280 0.039 
0.030 0.280 0.039 
0.031 0.281 0.040 
0.032 0.282 0.040 
0.033 0.283 0.040 
0.033 0.283 0.041 
0.034 0.284 0.041 
0.035 0.285 0.041 
0.036 0.286 0.042 
0.036 0.286 0.042 
0.037 0.287 0.043 
0.038 0.288 0.043 
0.039 0.289 0.043 
0.040 0.290 0.044 
0.040 0.290 0.044 
0.041 0.291 0.044 
0.042 0.292 0.045 
0.043 0.293 0.045 
0.043 0.293 0.045 
0.044 0.294 0.046 
0.045 0.295 0.046 
0.046 0.296 0.047 
0.046 0.296 0.047 
0.047 0.297 0.047 
0.048 0.298 0.048 
0.049 0.299 0.048 
0.049 0.299 0.048 
0.050 0.300 0.049 
0.051 0.301 0.049 
0.052 0.302 0.049 
0.052 0.302 0.050 
0.053 0.303 0.050 
0.054 0.304 0.050 
0.055 0.305 0.051 
0.056 0.306 0.051 
0.056 0.306 0.052 
0.057 0.307 0.052 
0.058 0.308 0.052 
0.058 0.308 0.053 
0.059 0.309 0.053 
0.060 0.310 0.053 
0.061 0.311 0.054 
0.061 0.311 0.054 
0.062 0.312 0.054 
0.063 0.313 0.055 
0.064 0.314 0.055 
0.065 0.315 0.055 
0.066 0.316 0.056 
0.066 0.316 0.056 
0.067 0.317 0.056 
0.068 0.318 0.057 
0.068 0.318 0.057 
0.069 0.319 0.057 
0.070 0.320 0.058 
0.071 0.321 0.058 
0.072 0.322 0.059 
0.073 0.323 0.059 
0.074 0.324 0.059 
0.074 0.324 0.060 
0.075 0.325 0.060 
0.076 0.326 0.060 
0.077 0.327 0.061 
0.077 0.327 0.061 
0.078 0.328 0.061 
0.079 0.329 0.062 
0.080 0.330 0.062 
0.081 0.331 0.063 
0.082 0.332 0.063 
0.083 0.333 0.063 
0.084 0.334 0.064 
0.084 0.334 0.064 
0.085 0.335 0.064 
0.086 0.336 0.065 
0.087 0.337 0.065 
0.088 0.338 0.065 
0.089 0.339 0.066 
0.090 0.340 0.066 
0.091 0.341 0.066 
0.092 0.342 0.067 
0.093 0.343 0.067 
0.094 0.343 0.068 
0.094 0.344 0.068 
0.095 0.345 0.068 
0.096 0.346 0.069 
0.097 0.347 0.069 
0.098 0.348 0.069 
0.099 0.349 0.070 
0.100 0.350 0.070 
0.101 0.351 0.070 
0.102 0.352 0.071 
0.103 0.353 0.071 
0.104 0.354 0.071 
0.105 0.355 0.072 
0.105 0.356 0.072 
0.106 0.356 0.072 
0.107 0.357 0.073 
0.108 0.358 0.073 
0.109 0.359 0.073 
0.110 0.360 0.074 
0.111 0.361 0.074 
0.112 0.362 0.074 
0.113 0.363 0.075 
0.113 0.364 0.075 
0.114 0.365 0.075 
0.115 0.366 0.076 
0.116 0.366 0.076 
0.117 0.367 0.076 
0.117 0.368 0.076 
0.118 0.369 0.077 
0.119 0.370 0.077 
0.120 0.371 0.077 
0.121 0.372 0.078 
0.122 0.373 0.078 
0.122 0.374 0.078 
0.123 0.375 0.078 
0.124 0.375 0.079 
0.124 0.376 0.079 
0.125 0.377 0.079 
0.126 0.378 0.079 
0.127 0.379 0.080 
0.128 0.380 0.080 
0.128 0.381 0.080 
0.129 0.382 0.080 
0.130 0.382 0.081 
0.131 0.383 0.081 
0.131 0.384 0.081 
0.132 0.385 0.081 
0.133 0.385 0.082 
0.133 0.386 0.082 
0.134 0.387 0.082 
0.135 0.388 0.082 
0.136 0.389 0.083 
0.137 0.390 0.083 
0.137 0.391 0.083 
0.138 0.392 0.083 
0.139 0.392 0.084 
0.139 0.393 0.084 
0.140 0.394 0.084 
0.141 0.395 0.084 
0.141 0.395 0.084 
0.142 0.396 0.085 
0.143 0.397 0.085 
0.144 0.398 0.085 
0.144 0.399 0.085 
0.145 0.400 0.086 
0.146 0.400 0.086 
0.147 0.401 0.086 
0.147 0.402 0.086 
0.148 0.403 0.086 
0.149 0.403 0.087 
0.149 0.404 0.087 
0.150 0.405 0.087 
0.151 0.406 0.087 
0.152 0.407 0.087 
0.152 0.408 0.088 
0.153 0.408 0.088 
0.154 0.409 0.088 
0.155 0.410 0.088 
0.155 0.411 0.089 
0.156 0.411 0.089 
0.157 0.412 0.089 
0.157 0.413 0.089 
0.158 0.414 0.089 
0.159 0.415 0.090 
0.160 0.415 0.090 
0.161 0.416 0.090 
0.162 0.417 0.090 
0.162 0.418 0.090 
0.163 0.419 0.091 
0.164 0.419 0.091 
0.165 0.420 0.091 
0.165 0.421 0.091 
0.166 0.422 0.091 
0.167 0.422 0.092 
0.168 0.423 0.092 
0.169 0.424 0.092 
0.170 0.425 0.092 
0.170 0.426 0.093 
0.171 0.427 0.093 
0.172 0.427 0.093 
0.173 0.428 0.093 
0.174 0.429 0.093 
0.174 0.429 0.094 
0.175 0.430 0.094 
0.176 0.431 0.094 
0.177 0.432 0.094 
0.178 0.433 0.095 
0.179 0.434 0.095 
0.180 0.434 0.095 
0.181 0.435 0.095 
0.182 0.436 0.096 
0.183 0.437 0.096 
0.184 0.437 0.096 
0.184 0.438 0.096 
0.185 0.439 0.096 
0.186 0.440 0.097 
0.187 0.440 0.097 
0.188 0.441 0.097 
0.190 0.442 0.097 
0.191 0.443 0.098 
0.192 0.444 0.098 
0.193 0.445 0.098 
0.194 0.445 0.098 
0.195 0.446 0.099 
0.196 0.447 0.099 
0.197 0.447 0.099 
0.198 0.448 0.099 
0.199 0.449 0.100 
0.200 0.450 0.100 
0.201 0.451 0.100 
0.202 0.451 0.100 
0.203 0.452 0.101 
0.204 0.453 0.101 
0.204 0.453 0.101 
0.205 0.454 0.101 
0.206 0.454 0.102 
0.207 0.455 0.102 
0.208 0.456 0.102 
0.208 0.456 0.102 
0.209 0.457 0.103 
0.210 0.458 0.103 
0.211 0.459 0.103 
0.212 0.459 0.103 
0.213 0.460 0.104 
0.213 0.461 0.104 
0.214 0.461 0.104 
0.215 0.462 0.104 
0.216 0.462 0.105 
0.216 0.463 0.105 
0.217 0.464 0.105 
0.218 0.465 0.105 
0.219 0.465 0.106 
0.220 0.466 0.106 
0.221 0.467 0.106 
0.221 0.467 0.107 
0.222 0.468 0.107 
0.223 0.469 0.107 
0.224 0.469 0.107 
0.224 0.470 0.108 
0.225 0.471 0.108 
0.226 0.471 0.108 
0.227 0.472 0.109 
0.228 0.473 0.109 
0.228 0.474 0.109 
0.229 0.474 0.109 
0.230 0.475 0.110 
0.231 0.475 0.110 
0.231 0.476 0.110 
0.232 0.477 0.110 
0.233 0.477 0.111 
0.233 0.478 0.111 
0.234 0.479 0.111 
0.235 0.479 0.112 
0.236 0.480 0.112 
0.237 0.481 0.112 
0.237 0.481 0.112 
0.238 0.482 0.113 
0.239 0.483 0.113 
0.239 0.483 0.113 
0.240 0.484 0.113 
0.241 0.484 0.114 
0.242 0.485 0.114 
0.242 0.485 0.114 
0.243 0.486 0.114 
0.244 0.487 0.115 
0.245 0.487 0.115 
0.246 0.488 0.115 
0.246 0.488 0.116 
0.247 0.489 0.116 
0.248 0.489 0.116 
0.248 0.490 0.116 
0.249 0.490 0.116 
0.250 0.491 0.117 
0.251 0.491 0.117 
0.252 0.492 0.117 
0.253 0.493 0.117 
0.253 0.493 0.118 
0.254 0.494 0.118 
0.255 0.494 0.118 
0.256 0.494 0.118 
0.256 0.495 0.118 
0.257 0.495 0.119 
0.258 0.496 0.119 
0.259 0.496 0.119 
0.259 0.496 0.119 
0.260 0.497 0.119 
0.261 0.497 0.119 
0.262 0.498 0.120 
0.263 0.498 0.120 
0.264 0.498 0.120 
0.264 0.499 0.120 
0.265 0.499 0.120 
0.266 0.499 0.120 
0.267 0.500 0.120 
0.267 0.500 0.121 
0.268 0.500 0.121 
0.269 0.500 0.121 
0.270 0.501 0.121 
0.271 0.501 0.121 
0.272 0.501 0.121 
0.273 0.501 0.121 
0.274 0.501 0.121 
0.274 0.502 0.121 
0.275 0.502 0.121 
0.276 0.502 0.121 
0.277 0.502 0.121 
0.278 0.502 0.121 
0.279 0.502 0.122 
0.280 0.502 0.122 
0.281 0.502 0.122 
0.282 0.502 0.122 
0.283 0.503 0.122 
0.283 0.503 0.122 
0.284 0.503 0.122 
0.285 0.502 0.122 
0.286 0.502 0.121 
0.287 0.502 0.121 
0.288 0.502 0.121 
0.289 0.502 0.121 
0.290 0.502 0.121 
0.291 0.502 0.121 
0.292 0.502 0.121 
0.293 0.502 0.121 
0.294 0.502 0.121 
0.295 0.501 0.121 
0.296 0.501 0.121 
0.297 0.501 0.121 
0.298 0.501 0.120 
0.299 0.500 0.120 
0.300 0.500 0.120 
0.302 0.499 0.120 
0.304 0.499 0.119 
0.306 0.498 0.119 
0.308 0.497 0.118 
0.310 0.496 0.118 
0.312 0.496 0.118 
0.314 0.495 0.117 
0.315 0.494 0.117 
0.317 0.493 0.116 
0.319 0.492 0.116 
0.321 0.490 0.115 
0.323 0.489 0.115 
0.324 0.488 0.114 
0.326 0.487 0.113 
0.327 0.486 0.113 
0.328 0.485 0.112 
0.329 0.484 0.112 
0.330 0.482 0.111 
0.332 0.481 0.111 
0.333 0.480 0.110 
0.334 0.478 0.109 
0.335 0.477 0.109 
0.336 0.475 0.108 
0.337 0.473 0.107 
0.338 0.472 0.107 
0.339 0.470 0.106 
0.340 0.469 0.105 
0.341 0.468 0.105 
0.342 0.466 0.104 
0.342 0.465 0.103 
0.343 0.463 0.103 
0.344 0.461 0.102 
0.345 0.459 0.101 
0.345 0.457 0.100 
0.346 0.456 0.099 
0.347 0.454 0.099 
0.347 0.452 0.098 
0.348 0.450 0.097 
0.348 0.449 0.096 
0.348 0.447 0.096 
0.349 0.445 0.095 
0.349 0.444 0.094 
0.350 0.442 0.093 
0.350 0.440 0.092 
0.351 0.437 0.091 
0.351 0.435 0.091 
0.351 0.434 0.090 
0.352 0.432 0.089 
0.352 0.430 0.088 
0.352 0.428 0.087 
0.352 0.426 0.087 
0.353 0.424 0.086 
0.353 0.422 0.085 
0.353 0.420 0.084 
0.353 0.418 0.083 
0.354 0.416 0.082 
0.354 0.414 0.081 
0.354 0.412 0.080 
0.354 0.410 0.079 
0.355 0.408 0.078 
0.355 0.406 0.078 
0.355 0.404 0.077 
0.355 0.402 0.076 
0.355 0.400 0.075 
0.355 0.398 0.074 
0.356 0.396 0.073 
0.356 0.394 0.072 
0.356 0.391 0.071 
0.356 0.389 0.070 
0.357 0.388 0.069 
0.357 0.386 0.068 
0.357 0.384 0.068 
0.357 0.382 0.067 
0.357 0.380 0.066 
0.358 0.378 0.065 
0.358 0.376 0.064 
0.358 0.374 0.063 
0.359 0.371 0.062 
0.359 0.369 0.061 
0.359 0.367 0.060 
0.360 0.365 0.059 
0.360 0.364 0.058 
0.360 0.362 0.058 
0.361 0.360 0.057 
0.361 0.358 0.056 
0.362 0.356 0.055 
0.362 0.354 0.054 
0.363 0.352 0.053 
0.363 0.350 0.052 
0.364 0.348 0.051 
0.364 0.346 0.050 
0.365 0.344 0.049 
0.366 0.343 0.048 
0.366 0.341 0.047 
0.367 0.339 0.047 
0.368 0.337 0.046 
0.368 0.336 0.045 
0.369 0.334 0.044 
0.370 0.332 0.043 
0.371 0.330 0.042 
0.372 0.328 0.041 
0.373 0.327 0.040 
0.374 0.325 0.039 
0.375 0.323 0.039 
0.376 0.322 0.038 
0.377 0.320 0.037 
0.378 0.319 0.036 
0.379 0.318 0.035 
0.381 0.316 0.035 
0.382 0.314 0.034 
0.384 0.313 0.033 
0.385 0.311 0.032 
0.387 0.310 0.031 
0.388 0.308 0.030 
0.390 0.307 0.030 
0.391 0.306 0.029 
0.393 0.305 0.028 
0.394 0.304 0.027 
0.396 0.302 0.027 
0.398 0.301 0.026 
0.400 0.300 0.025 
0.401 0.299 0.025 
0.402 0.299 0.024 
0.402 0.299 0.024 
0.403 0.298 0.024 
0.404 0.298 0.023 
0.405 0.298 0.023 
0.405 0.297 0.023 
0.406 0.297 0.023 
0.407 0.297 0.022 
0.408 0.296 0.022 
0.409 0.296 0.022 
0.410 0.296 0.021 
0.410 0.295 0.021 
0.411 0.295 0.021 
0.412 0.295 0.021 
0.413 0.295 0.020 
0.413 0.295 0.020 
0.414 0.295 0.020 
0.415 0.294 0.020 
0.416 0.294 0.019 
0.417 0.294 0.019 
0.417 0.294 0.019 
0.418 0.294 0.019 
0.419 0.294 0.018 
0.420 0.294 0.018 
0.421 0.294 0.018 
0.421 0.294 0.018 
0.422 0.294 0.017 
0.423 0.294 0.017 
0.424 0.294 0.017 
0.424 0.294 0.017 
0.425 0.294 0.017 
0.426 0.294 0.016 
0.427 0.294 0.016 
0.428 0.294 0.016 
0.429 0.294 0.016 
0.429 0.294 0.015 
0.430 0.294 0.015 
0.431 0.294 0.015 
0.432 0.294 0.015 
0.432 0.294 0.015 
0.433 0.294 0.015 
0.434 0.294 0.014 
0.435 0.295 0.014 
0.436 0.295 0.014 
0.437 0.295 0.014 
0.437 0.295 0.014 
0.438 0.295 0.013 
0.439 0.295 0.013 
0.440 0.295 0.013 
0.440 0.296 0.013 
0.441 0.296 0.013 
0.442 0.296 0.013 
0.443 0.296 0.012 
0.444 0.296 0.012 
0.445 0.296 0.012 
0.445 0.297 0.012 
0.446 0.297 0.012 
0.447 0.297 0.012 
0.448 0.297 0.012 
0.448 0.297 0.011 
0.449 0.297 0.011 
0.450 0.298 0.011 
0.451 0.298 0.011 
0.452 0.298 0.011 
0.452 0.298 0.011 
0.453 0.298 0.011 
0.454 0.299 0.011 
0.455 0.299 0.011 
0.456 0.299 0.010 
0.457 0.299 0.010 
0.457 0.299 0.010 
0.458 0.300 0.010 
0.459 0.300 0.010 
0.460 0.300 0.010 
0.461 0.300 0.010 
0.461 0.300 0.010 
0.462 0.301 0.010 
0.463 0.301 0.010 
0.464 0.301 0.010 
0.465 0.301 0.010 
0.466 0.301 0.009 
0.466 0.301 0.009 
0.467 0.301 0.009 
0.468 0.302 0.009 
0.469 0.302 0.009 
0.470 0.302 0.009 
0.471 0.302 0.009 
0.472 0.302 0.009 
0.473 0.302 0.009 
0.473 0.302 0.009 
0.474 0.302 0.009 
0.475 0.302 0.009 
0.476 0.302 0.009 
0.477 0.303 0.009 
0.477 0.303 0.009 
0.478 0.303 0.009 
0.479 0.303 0.009 
0.480 0.303 0.009 
0.481 0.303 0.009 
0.482 0.303 0.009 
0.483 0.303 0.009 
0.484 0.303 0.009 
0.485 0.303 0.009 
0.485 0.303 0.009 
0.486 0.303 0.009 
0.487 0.303 0.009 
0.488 0.302 0.009 
0.489 0.302 0.009 
0.490 0.302 0.009 
0.491 0.302 0.009 
0.492 0.302 0.009 
0.493 0.302 0.009 
0.494 0.302 0.009 
0.495 0.301 0.010 
0.495 0.301 0.010 
0.496 0.301 0.010 
0.497 0.301 0.010 
0.498 0.301 0.010 
0.499 0.300 0.010 
0.500 0.300 0.010 
0.501 0.300 0.010 
0.502 0.299 0.010 
0.504 0.299 0.010 
0.505 0.298 0.011 
0.506 0.298 0.011 
0.507 0.298 0.011 
0.508 0.297 0.011 
0.509 0.297 0.011 
0.510 0.296 0.011 
0.511 0.296 0.012 
0.512 0.295 0.012 
0.513 0.294 0.012 
0.514 0.294 0.012 
0.515 0.293 0.013 
0.516 0.293 0.013 
0.517 0.292 0.013 
0.518 0.292 0.013 
0.518 0.291 0.013 
0.519 0.291 0.014 
0.520 0.290 0.014 
0.521 0.289 0.014 
0.522 0.288 0.015 
0.523 0.288 0.015 
0.524 0.287 0.015 
0.525 0.286 0.016 
0.526 0.286 0.016 
0.526 0.285 0.016 
0.527 0.284 0.017 
0.528 0.284 0.017 
0.528 0.283 0.017 
0.529 0.282 0.018 
0.530 0.282 0.018 
0.531 0.281 0.018 
0.532 0.280 0.019 
0.532 0.279 0.019 
0.533 0.278 0.020 
0.534 0.278 0.020 
0.534 0.277 0.020 
0.535 0.276 0.021 
0.536 0.276 0.021 
0.536 0.275 0.021 
0.537 0.274 0.022 
0.538 0.273 0.022 
0.539 0.272 0.023 
0.539 0.271 0.023 
0.540 0.271 0.024 
0.541 0.270 0.024 
0.541 0.269 0.024 
0.542 0.268 0.025 
0.542 0.268 0.025 
0.543 0.267 0.026 
0.544 0.266 0.026 
0.544 0.265 0.027 
0.545 0.264 0.027 
0.546 0.264 0.027 
0.546 0.263 0.028 
0.547 0.262 0.028 
0.548 0.261 0.029 
0.548 0.260 0.029 
0.549 0.260 0.030 
0.549 0.259 0.030 
0.550 0.258 0.030 
0.551 0.257 0.031 
0.551 0.257 0.031 
0.552 0.256 0.032 
0.553 0.255 0.032 
0.553 0.254 0.033 
0.554 0.253 0.033 
0.555 0.253 0.034 
0.555 0.252 0.034 
0.556 0.251 0.034 
0.557 0.251 0.035 
0.557 0.250 0.035 
0.558 0.249 0.036 
0.558 0.249 0.036 
0.559 0.248 0.037 
0.560 0.247 0.037 
0.561 0.246 0.037 
0.561 0.246 0.038 
0.562 0.245 0.038 
0.563 0.244 0.039 
0.563 0.244 0.039 
0.564 0.243 0.039 
0.565 0.243 0.040 
0.565 0.242 0.040 
0.566 0.241 0.041 
0.567 0.241 0.041 
0.568 0.240 0.041 
0.569 0.239 0.042 
0.570 0.239 0.042 
0.570 0.238 0.043 
0.571 0.238 0.043 
0.572 0.237 0.043 
0.573 0.237 0.044 
0.573 0.236 0.044 
0.574 0.236 0.044 
0.575 0.236 0.044 
0.576 0.235 0.045 
0.577 0.235 0.045 
0.578 0.234 0.046 
0.579 0.234 0.046 
0.580 0.233 0.046 
0.581 0.233 0.046 
0.582 0.233 0.047 
0.583 0.232 0.047 
0.583 0.232 0.047 
0.584 0.232 0.047 
0.585 0.232 0.048 
0.586 0.231 0.048 
0.587 0.231 0.048 
0.589 0.231 0.048 
0.590 0.231 0.049 
0.591 0.230 0.049 
0.592 0.230 0.049 
0.593 0.230 0.049 
0.594 0.230 0.049 
0.595 0.230 0.049 
0.596 0.230 0.050 
0.597 0.230 0.050 
0.599 0.230 0.050 
0.600 0.230 0.050 
0.601 0.230 0.050 
0.602 0.230 0.050 
0.604 0.230 0.050 
0.605 0.230 0.050 
0.606 0.230 0.050 
0.607 0.231 0.051 
0.608 0.231 0.051 
0.609 0.231 0.051 
0.610 0.231 0.051 
0.611 0.231 0.051 
0.612 0.232 0.051 
0.613 0.232 0.051 
0.614 0.232 0.051 
0.615 0.233 0.051 
0.616 0.233 0.051 
0.617 0.233 0.051 
0.618 0.234 0.051 
0.619 0.234 0.051 
0.620 0.235 0.051 
0.620 0.235 0.051 
0.621 0.236 0.051 
0.622 0.236 0.051 
0.623 0.237 0.051 
0.624 0.237 0.051 
0.625 0.238 0.051 
0.626 0.239 0.050 
0.627 0.239 0.050 
0.627 0.240 0.050 
0.628 0.240 0.050 
0.629 0.241 0.050 
0.630 0.242 0.050 
0.631 0.242 0.050 
0.631 0.243 0.050 
0.632 0.244 0.050 
0.633 0.245 0.050 
0.634 0.245 0.049 
0.635 0.246 0.049 
0.635 0.247 0.049 
0.636 0.247 0.049 
0.636 0.248 0.049 
0.637 0.249 0.049 
0.638 0.250 0.049 
0.639 0.250 0.049 
0.639 0.251 0.048 
0.640 0.252 0.048 
0.641 0.253 0.048 
0.642 0.254 0.048 
0.642 0.255 0.048 
0.643 0.255 0.048 
0.643 0.256 0.047 
0.644 0.257 0.047 
0.645 0.258 0.047 
0.645 0.259 0.047 
0.646 0.260 0.047 
0.647 0.260 0.046 
0.647 0.261 0.046 
0.648 0.262 0.046 
0.649 0.263 0.046 
0.649 0.264 0.046 
0.650 0.265 0.045 
0.651 0.266 0.045 
0.651 0.266 0.045 
0.652 0.267 0.045 
0.652 0.268 0.045 
0.653 0.269 0.044 
0.654 0.270 0.044 
0.655 0.271 0.044 
0.655 0.272 0.044 
0.656 0.273 0.043 
0.657 0.273 0.043 
0.657 0.274 0.043 
0.658 0.275 0.043 
0.658 0.276 0.042 
0.659 0.277 0.042 
0.660 0.277 0.042 
0.660 0.278 0.042 
0.661 0.279 0.041 
0.662 0.280 0.041 
0.663 0.281 0.041 
0.663 0.282 0.041 
0.664 0.282 0.040 
0.665 0.283 0.040 
0.665 0.284 0.040 
0.666 0.284 0.040 
0.667 0.285 0.039 
0.667 0.286 0.039 
0.668 0.287 0.039 
0.669 0.287 0.038 
0.670 0.288 0.038 
0.671 0.289 0.038 
0.671 0.289 0.038 
0.672 0.290 0.037 
0.673 0.291 0.037 
0.674 0.291 0.037 
0.674 0.292 0.037 
0.675 0.292 0.036 
0.676 0.293 0.036 
0.677 0.293 0.036 
0.678 0.294 0.036 
0.679 0.295 0.035 
0.680 0.295 0.035 
0.681 0.296 0.035 
0.682 0.296 0.034 
0.682 0.296 0.034 
0.683 0.297 0.034 
0.684 0.297 0.034 
0.685 0.297 0.034 
0.686 0.298 0.033 
0.687 0.298 0.033 
0.688 0.298 0.033 
0.689 0.299 0.032 
0.690 0.299 0.032 
0.691 0.299 0.032 
0.692 0.299 0.032 
0.693 0.300 0.031 
0.694 0.300 0.031 
0.695 0.300 0.031 
0.697 0.300 0.031 
0.698 0.300 0.031 
0.699 0.300 0.030 
0.700 0.300 0.030 
0.701 0.300 0.030 
0.702 0.300 0.029 
0.704 0.300 0.029 
0.705 0.300 0.029 
0.706 0.300 0.029 
0.707 0.300 0.029 
0.708 0.300 0.028 
0.709 0.300 0.028 
0.710 0.299 0.028 
0.711 0.299 0.028 
0.712 0.299 0.028 
0.713 0.299 0.027 
0.714 0.299 0.027 
0.715 0.298 0.027 
0.716 0.298 0.027 
0.717 0.298 0.027 
0.718 0.298 0.026 
0.719 0.297 0.026 
0.720 0.297 0.026 
0.721 0.297 0.026 
0.722 0.297 0.026 
0.723 0.296 0.025 
0.724 0.296 0.025 
0.725 0.295 0.025 
0.726 0.295 0.025 
0.727 0.295 0.025 
0.727 0.294 0.025 
0.728 0.294 0.024 
0.729 0.294 0.024 
0.730 0.293 0.024 
0.731 0.293 0.024 
0.731 0.292 0.024 
0.732 0.292 0.024 
0.733 0.291 0.023 
0.734 0.291 0.023 
0.735 0.290 0.023 
0.736 0.290 0.023 
0.737 0.289 0.023 
0.737 0.289 0.023 
0.738 0.288 0.022 
0.739 0.288 0.022 
0.739 0.287 0.022 
0.740 0.287 0.022 
0.741 0.286 0.022 
0.742 0.285 0.022 
0.743 0.285 0.021 
0.744 0.284 0.021 
0.744 0.283 0.021 
0.745 0.283 0.021 
0.746 0.282 0.021 
0.746 0.282 0.021 
0.747 0.281 0.021 
0.748 0.280 0.020 
0.748 0.280 0.020 
0.749 0.279 0.020 
0.750 0.278 0.020 
0.751 0.278 0.020 
0.752 0.277 0.020 
0.752 0.276 0.020 
0.753 0.276 0.019 
0.753 0.275 0.019 
0.754 0.274 0.019 
0.755 0.274 0.019 
0.755 0.273 0.019 
0.756 0.272 0.019 
0.757 0.271 0.019 
0.758 0.270 0.018 
0.759 0.270 0.018 
0.759 0.269 0.018 
0.760 0.268 0.018 
0.761 0.268 0.018 
0.761 0.267 0.018 
0.762 0.266 0.018 
0.762 0.265 0.018 
0.763 0.265 0.017 
0.764 0.264 0.017 
0.765 0.263 0.017 
0.765 0.262 0.017 
0.766 0.261 0.017 
0.767 0.261 0.017 
0.768 0.260 0.016 
0.768 0.259 0.016 
0.769 0.258 0.016 
0.770 0.258 0.016 
0.770 0.257 0.016 
0.771 0.256 0.016 
0.772 0.255 0.016 
0.773 0.255 0.015 
0.773 0.254 0.015 
0.774 0.253 0.015 
0.775 0.252 0.015 
0.776 0.251 0.015 
0.776 0.251 0.015 
0.777 0.250 0.015 
0.778 0.249 0.014 
0.778 0.248 0.014 
0.779 0.248 0.014 
0.780 0.247 0.014 
0.781 0.246 0.014 
0.782 0.245 0.014 
0.783 0.244 0.013 
0.783 0.244 0.013 
0.784 0.243 0.013 
0.785 0.242 0.013 
0.786 0.241 0.013 
0.786 0.241 0.013 
0.787 0.240 0.013 
0.788 0.239 0.012 
0.789 0.239 0.012 
0.790 0.238 0.012 
0.791 0.237 0.012 
0.792 0.236 0.012 
0.793 0.235 0.011 
0.794 0.235 0.011 
0.795 0.234 0.011 
0.795 0.234 0.011 
0.796 0.233 0.011 
0.797 0.232 0.011 
0.798 0.232 0.010 
0.799 0.231 0.010 
0.800 0.230 0.010 
