0.000 0.300 0.050 
0.001 0.300 0.051 
0.002 0.300 0.051 
0.003 0.300 0.052 
0.004 0.300 0.052 
0.005 0.300 0.052 
0.006 0.300 0.053 
0.006 0.300 0.053 
0.007 0.300 0.054 
0.008 0.300 0.054 
0.009 0.300 0.055 
0.010 0.300 0.055 
0.011 0.300 0.056 
0.012 0.299 0.056 
0.013 0.299 0.057 
0.014 0.299 0.057 
0.015 0.299 0.058 
0.015 0.299 0.058 
0.016 0.299 0.059 
0.017 0.299 0.059 
0.018 0.299 0.060 
0.019 0.299 0.060 
0.020 0.299 0.061 
0.021 0.298 0.061 
0.022 0.298 0.062 
0.022 0.298 0.063 
0.023 0.298 0.063 
0.024 0.298 0.063 
0.025 0.298 0.064 
0.025 0.298 0.064 
0.026 0.298 0.065 
0.027 0.297 0.065 
0.028 0.297 0.066 
0.029 0.297 0.066 
0.030 0.297 0.067 
0.030 0.297 0.068 
0.031 0.297 0.068 
0.032 0.297 0.069 
0.033 0.296 0.069 
0.033 0.296 0.069 
0.034 0.296 0.070 
0.035 0.296 0.070 
0.036 0.296 0.071 
0.036 0.296 0.071 
0.037 0.296 0.072 
0.038 0.295 0.072 
0.039 0.295 0.073 
0.040 0.295 0.073 
0.040 0.295 0.074 
0.041 0.295 0.074 
0.042 0.295 0.075 
0.043 0.295 0.075 
0.043 0.295 0.076 
0.044 0.294 0.076 
0.045 0.294 0.077 
0.046 0.294 0.077 
0.047 0.294 0.078 
0.047 0.294 0.078 
0.048 0.294 0.079 
0.049 0.294 0.079 
0.049 0.294 0.080 
0.050 0.293 0.080 
0.051 0.293 0.080 
0.052 0.293 0.081 
0.052 0.293 0.081 
0.053 0.293 0.082 
0.054 0.293 0.082 
0.055 0.293 0.083 
0.056 0.293 0.083 
0.056 0.293 0.084 
0.057 0.293 0.084 
0.058 0.293 0.084 
0.058 0.293 0.085 
0.059 0.293 0.085 
0.060 0.292 0.086 
0.061 0.292 0.086 
0.061 0.292 0.086 
0.062 0.292 0.087 
0.063 0.292 0.087 
0.064 0.292 0.088 
0.065 0.292 0.088 
0.066 0.292 0.089 
0.066 0.292 0.089 
0.067 0.292 0.089 
0.068 0.292 0.090 
0.068 0.292 0.090 
0.069 0.292 0.090 
0.070 0.292 0.091 
0.071 0.293 0.091 
0.072 0.293 0.092 
0.073 0.293 0.092 
0.074 0.293 0.092 
0.074 0.293 0.093 
0.075 0.293 0.093 
0.076 0.293 0.093 
0.077 0.293 0.093 
0.077 0.293 0.094 
0.078 0.293 0.094 
0.079 0.294 0.094 
0.080 0.294 0.095 
0.081 0.294 0.095 
0.082 0.294 0.095 
0.083 0.294 0.096 
0.084 0.294 0.096 
0.084 0.295 0.096 
0.085 0.295 0.097 
0.086 0.295 0.097 
0.087 0.295 0.097 
0.088 0.296 0.097 
0.089 0.296 0.097 
0.090 0.296 0.098 
0.091 0.296 0.098 
0.092 0.297 0.098 
0.093 0.297 0.099 
0.094 0.297 0.099 
0.094 0.298 0.099 
0.095 0.298 0.099 
0.096 0.298 0.099 
0.097 0.299 0.099 
0.098 0.299 0.100 
0.099 0.300 0.100 
0.100 0.300 0.100 
0.101 0.301 0.100 
0.103 0.301 0.100 
0.104 0.302 0.101 
0.105 0.302 0.101 
0.106 0.303 0.101 
0.107 0.303 0.101 
0.108 0.304 0.101 
0.109 0.305 0.101 
0.110 0.305 0.101 
0.111 0.306 0.102 
0.113 0.307 0.102 
0.114 0.307 0.102 
0.115 0.308 0.102 
0.116 0.309 0.102 
0.117 0.309 0.102 
0.118 0.310 0.102 
0.119 0.311 0.102 
0.120 0.311 0.102 
0.121 0.312 0.102 
0.122 0.313 0.102 
0.123 0.313 0.102 
0.124 0.314 0.102 
0.125 0.315 0.102 
0.126 0.316 0.102 
0.126 0.317 0.102 
0.127 0.317 0.102 
0.128 0.318 0.102 
0.129 0.319 0.102 
0.130 0.319 0.101 
0.130 0.320 0.101 
0.131 0.321 0.101 
0.132 0.322 0.101 
0.133 0.323 0.101 
0.134 0.324 0.101 
0.135 0.324 0.101 
0.135 0.325 0.101 
0.136 0.326 0.100 
0.137 0.327 0.100 
0.138 0.327 0.100 
0.138 0.328 0.100 
0.139 0.329 0.100 
0.140 0.330 0.100 
0.140 0.331 0.099 
0.141 0.332 0.099 
0.142 0.333 0.099 
0.143 0.334 0.099 
0.143 0.334 0.098 
0.144 0.335 0.098 
0.145 0.336 0.098 
0.145 0.337 0.098 
0.146 0.338 0.098 
0.147 0.339 0.097 
0.147 0.339 0.097 
0.148 0.340 0.097 
0.149 0.341 0.097 
0.149 0.342 0.096 
0.150 0.343 0.096 
0.151 0.344 0.096 
0.151 0.345 0.095 
0.152 0.346 0.095 
0.153 0.347 0.095 
0.153 0.348 0.095 
0.154 0.348 0.094 
0.154 0.349 0.094 
0.155 0.350 0.094 
0.156 0.351 0.093 
0.157 0.352 0.093 
0.157 0.353 0.093 
0.158 0.354 0.092 
0.159 0.355 0.092 
0.159 0.356 0.092 
0.160 0.357 0.091 
0.160 0.358 0.091 
0.161 0.358 0.091 
0.162 0.359 0.090 
0.162 0.360 0.090 
0.163 0.361 0.090 
0.164 0.362 0.089 
0.165 0.363 0.089 
0.165 0.364 0.089 
0.166 0.365 0.088 
0.167 0.366 0.088 
0.167 0.367 0.088 
0.168 0.368 0.087 
0.168 0.369 0.087 
0.169 0.369 0.087 
0.170 0.370 0.086 
0.171 0.371 0.086 
0.172 0.372 0.085 
0.172 0.373 0.085 
0.173 0.374 0.085 
0.174 0.375 0.084 
0.174 0.376 0.084 
0.175 0.377 0.084 
0.176 0.378 0.083 
0.177 0.379 0.083 
0.177 0.379 0.083 
0.178 0.380 0.082 
0.179 0.381 0.082 
0.180 0.382 0.082 
0.181 0.383 0.081 
0.182 0.384 0.081 
0.183 0.385 0.081 
0.183 0.386 0.080 
0.184 0.387 0.080 
0.185 0.387 0.080 
0.186 0.388 0.079 
0.187 0.389 0.079 
0.188 0.390 0.079 
0.189 0.391 0.078 
0.190 0.392 0.078 
0.191 0.393 0.078 
0.192 0.394 0.077 
0.193 0.394 0.077 
0.194 0.395 0.077 
0.195 0.396 0.076 
0.196 0.397 0.076 
0.197 0.397 0.076 
0.198 0.398 0.076 
0.199 0.399 0.075 
0.200 0.400 0.075 
0.201 0.401 0.075 
0.202 0.401 0.075 
0.203 0.402 0.074 
0.204 0.403 0.074 
0.204 0.403 0.074 
0.205 0.404 0.074 
0.206 0.404 0.074 
0.207 0.405 0.073 
0.208 0.406 0.073 
0.208 0.406 0.073 
0.209 0.407 0.073 
0.210 0.408 0.072 
0.211 0.409 0.072 
0.212 0.409 0.072 
0.213 0.410 0.072 
0.213 0.411 0.072 
0.214 0.411 0.071 
0.215 0.412 0.071 
0.216 0.412 0.071 
0.217 0.413 0.071 
0.217 0.414 0.071 
0.218 0.415 0.070 
0.219 0.415 0.070 
0.220 0.416 0.070 
0.221 0.417 0.070 
0.221 0.417 0.070 
0.222 0.418 0.069 
0.223 0.419 0.069 
0.224 0.419 0.069 
0.224 0.420 0.069 
0.225 0.421 0.069 
0.226 0.421 0.068 
0.227 0.422 0.068 
0.228 0.423 0.068 
0.228 0.424 0.068 
0.229 0.424 0.068 
0.230 0.425 0.067 
0.231 0.425 0.067 
0.231 0.426 0.067 
0.232 0.427 0.067 
0.233 0.427 0.067 
0.233 0.428 0.066 
0.234 0.429 0.066 
0.235 0.429 0.066 
0.236 0.430 0.066 
0.237 0.431 0.066 
0.237 0.431 0.065 
0.238 0.432 0.065 
0.239 0.432 0.065 
0.240 0.433 0.065 
0.240 0.433 0.065 
0.241 0.434 0.065 
0.242 0.435 0.064 
0.243 0.435 0.064 
0.243 0.436 0.064 
0.244 0.437 0.064 
0.245 0.437 0.063 
0.246 0.438 0.063 
0.246 0.438 0.063 
0.247 0.439 0.063 
0.248 0.439 0.063 
0.249 0.440 0.063 
0.249 0.440 0.062 
0.250 0.441 0.062 
0.251 0.441 0.062 
0.252 0.442 0.062 
0.253 0.442 0.062 
0.253 0.443 0.061 
0.254 0.443 0.061 
0.255 0.444 0.061 
0.256 0.444 0.061 
0.256 0.445 0.061 
0.257 0.445 0.060 
0.258 0.445 0.060 
0.259 0.446 0.060 
0.259 0.446 0.060 
0.260 0.447 0.060 
0.261 0.447 0.059 
0.262 0.447 0.059 
0.263 0.448 0.059 
0.264 0.448 0.059 
0.264 0.448 0.059 
0.265 0.449 0.058 
0.266 0.449 0.058 
0.267 0.449 0.058 
0.267 0.449 0.058 
0.268 0.450 0.058 
0.269 0.450 0.057 
0.270 0.450 0.057 
0.271 0.451 0.057 
0.272 0.451 0.057 
0.273 0.451 0.056 
0.274 0.451 0.056 
0.274 0.451 0.056 
0.275 0.451 0.056 
0.276 0.452 0.056 
0.277 0.452 0.055 
0.278 0.452 0.055 
0.279 0.452 0.055 
0.280 0.452 0.055 
0.281 0.452 0.055 
0.282 0.452 0.054 
0.283 0.452 0.054 
0.283 0.452 0.054 
0.284 0.452 0.054 
0.285 0.452 0.053 
0.286 0.452 0.053 
0.287 0.452 0.053 
0.288 0.452 0.053 
0.289 0.452 0.053 
0.290 0.452 0.052 
0.291 0.452 0.052 
0.292 0.452 0.052 
0.293 0.452 0.052 
0.294 0.451 0.051 
0.295 0.451 0.051 
0.296 0.451 0.051 
0.297 0.451 0.051 
0.298 0.451 0.050 
0.299 0.450 0.050 
0.300 0.450 0.050 
0.302 0.449 0.050 
0.303 0.449 0.049 
0.305 0.448 0.049 
0.306 0.448 0.049 
0.308 0.447 0.048 
0.309 0.447 0.048 
0.310 0.446 0.048 
0.312 0.446 0.047 
0.313 0.445 0.047 
0.314 0.444 0.047 
0.316 0.443 0.046 
0.317 0.442 0.046 
0.319 0.441 0.046 
0.320 0.441 0.045 
0.321 0.440 0.045 
0.322 0.439 0.045 
0.323 0.438 0.045 
0.324 0.437 0.044 
0.325 0.436 0.044 
0.326 0.435 0.044 
0.327 0.434 0.044 
0.328 0.433 0.043 
0.329 0.432 0.043 
0.330 0.431 0.043 
0.331 0.430 0.043 
0.332 0.428 0.043 
0.333 0.427 0.042 
0.333 0.426 0.042 
0.334 0.425 0.042 
0.335 0.424 0.042 
0.336 0.423 0.042 
0.336 0.421 0.042 
0.337 0.420 0.041 
0.338 0.419 0.041 
0.339 0.417 0.041 
0.339 0.416 0.041 
0.340 0.415 0.041 
0.341 0.413 0.041 
0.341 0.412 0.040 
0.342 0.411 0.040 
0.342 0.410 0.040 
0.343 0.408 0.040 
0.343 0.407 0.040 
0.344 0.405 0.040 
0.345 0.404 0.040 
0.345 0.402 0.040 
0.346 0.401 0.039 
0.346 0.399 0.039 
0.347 0.398 0.039 
0.347 0.396 0.039 
0.347 0.395 0.039 
0.348 0.394 0.039 
0.348 0.392 0.039 
0.349 0.391 0.039 
0.349 0.389 0.039 
0.350 0.387 0.039 
0.350 0.386 0.038 
0.351 0.384 0.038 
0.351 0.383 0.038 
0.352 0.381 0.038 
0.352 0.380 0.038 
0.352 0.378 0.038 
0.353 0.377 0.038 
0.353 0.375 0.038 
0.354 0.374 0.038 
0.354 0.372 0.038 
0.355 0.370 0.038 
0.355 0.369 0.037 
0.356 0.367 0.037 
0.356 0.366 0.037 
0.357 0.364 0.037 
0.357 0.363 0.037 
0.357 0.361 0.037 
0.358 0.360 0.037 
0.358 0.358 0.037 
0.359 0.357 0.037 
0.360 0.355 0.037 
0.360 0.353 0.037 
0.361 0.352 0.037 
0.361 0.350 0.036 
0.362 0.349 0.036 
0.362 0.348 0.036 
0.363 0.346 0.036 
0.363 0.345 0.036 
0.364 0.343 0.036 
0.364 0.342 0.036 
0.365 0.340 0.036 
0.366 0.339 0.036 
0.367 0.337 0.036 
0.367 0.336 0.035 
0.368 0.334 0.035 
0.369 0.333 0.035 
0.369 0.332 0.035 
0.370 0.330 0.035 
0.371 0.329 0.035 
0.371 0.328 0.035 
0.372 0.327 0.035 
0.373 0.325 0.034 
0.374 0.324 0.034 
0.375 0.322 0.034 
0.376 0.321 0.034 
0.377 0.320 0.034 
0.378 0.318 0.034 
0.379 0.317 0.034 
0.380 0.316 0.033 
0.381 0.315 0.033 
0.382 0.314 0.033 
0.383 0.313 0.033 
0.384 0.312 0.033 
0.385 0.311 0.032 
0.387 0.309 0.032 
0.388 0.308 0.032 
0.389 0.307 0.032 
0.390 0.306 0.032 
0.392 0.305 0.031 
0.393 0.304 0.031 
0.394 0.303 0.031 
0.395 0.303 0.031 
0.397 0.302 0.031 
0.398 0.301 0.030 
0.400 0.300 0.030 
0.401 0.299 0.030 
0.402 0.299 0.030 
0.403 0.299 0.030 
0.403 0.298 0.029 
0.404 0.298 0.029 
0.405 0.298 0.029 
0.406 0.297 0.029 
0.406 0.297 0.029 
0.407 0.297 0.029 
0.408 0.296 0.028 
0.409 0.296 0.028 
0.410 0.296 0.028 
0.411 0.295 0.028 
0.412 0.295 0.028 
0.413 0.295 0.028 
0.413 0.295 0.027 
0.414 0.295 0.027 
0.415 0.295 0.027 
0.416 0.294 0.027 
0.416 0.294 0.027 
0.417 0.294 0.027 
0.418 0.294 0.026 
0.419 0.294 0.026 
0.420 0.294 0.026 
0.421 0.294 0.026 
0.421 0.294 0.026 
0.422 0.294 0.025 
0.423 0.293 0.025 
0.424 0.293 0.025 
0.424 0.293 0.025 
0.425 0.293 0.025 
0.426 0.293 0.024 
0.427 0.293 0.024 
0.428 0.293 0.024 
0.429 0.293 0.024 
0.429 0.294 0.024 
0.430 0.294 0.023 
0.431 0.294 0.023 
0.432 0.294 0.023 
0.432 0.294 0.023 
0.433 0.294 0.023 
0.434 0.294 0.023 
0.435 0.294 0.022 
0.436 0.294 0.022 
0.436 0.294 0.022 
0.437 0.294 0.022 
0.438 0.294 0.022 
0.439 0.295 0.021 
0.440 0.295 0.021 
0.440 0.295 0.021 
0.441 0.295 0.021 
0.442 0.295 0.021 
0.442 0.295 0.021 
0.443 0.295 0.020 
0.444 0.296 0.020 
0.445 0.296 0.020 
0.446 0.296 0.020 
0.447 0.296 0.020 
0.447 0.296 0.019 
0.448 0.296 0.019 
0.449 0.296 0.019 
0.450 0.297 0.019 
0.450 0.297 0.019 
0.451 0.297 0.019 
0.452 0.297 0.018 
0.453 0.297 0.018 
0.454 0.298 0.018 
0.455 0.298 0.018 
0.455 0.298 0.018 
0.456 0.298 0.018 
0.457 0.298 0.017 
0.458 0.298 0.017 
0.458 0.299 0.017 
0.459 0.299 0.017 
0.460 0.299 0.017 
0.461 0.299 0.017 
0.462 0.299 0.017 
0.463 0.299 0.017 
0.463 0.300 0.016 
0.464 0.300 0.016 
0.465 0.300 0.016 
0.466 0.300 0.016 
0.467 0.300 0.016 
0.467 0.300 0.016 
0.468 0.300 0.016 
0.469 0.301 0.016 
0.470 0.301 0.016 
0.471 0.301 0.015 
0.472 0.301 0.015 
0.473 0.301 0.015 
0.473 0.301 0.015 
0.474 0.301 0.015 
0.475 0.301 0.015 
0.476 0.301 0.015 
0.477 0.302 0.015 
0.477 0.302 0.015 
0.478 0.302 0.015 
0.479 0.302 0.015 
0.480 0.302 0.015 
0.481 0.302 0.015 
0.482 0.302 0.015 
0.483 0.302 0.015 
0.484 0.302 0.015 
0.485 0.302 0.015 
0.485 0.302 0.015 
0.486 0.302 0.014 
0.487 0.302 0.014 
0.488 0.302 0.014 
0.489 0.302 0.015 
0.490 0.302 0.015 
0.491 0.301 0.015 
0.492 0.301 0.015 
0.493 0.301 0.015 
0.494 0.301 0.015 
0.495 0.301 0.015 
0.495 0.301 0.015 
0.496 0.301 0.015 
0.497 0.301 0.015 
0.498 0.300 0.015 
0.499 0.300 0.015 
0.500 0.300 0.015 
0.501 0.300 0.015 
0.502 0.299 0.015 
0.503 0.299 0.015 
0.504 0.299 0.015 
0.505 0.299 0.015 
0.506 0.298 0.016 
0.507 0.298 0.016 
0.508 0.298 0.016 
0.509 0.298 0.016 
0.510 0.297 0.016 
0.511 0.297 0.016 
0.513 0.297 0.016 
0.514 0.296 0.017 
0.514 0.296 0.017 
0.515 0.296 0.017 
0.516 0.295 0.017 
0.517 0.295 0.017 
0.518 0.295 0.017 
0.519 0.295 0.017 
0.520 0.294 0.018 
0.521 0.294 0.018 
0.522 0.293 0.018 
0.523 0.293 0.018 
0.524 0.293 0.018 
0.525 0.292 0.019 
0.525 0.292 0.019 
0.526 0.292 0.019 
0.527 0.291 0.019 
0.528 0.291 0.019 
0.529 0.291 0.020 
0.529 0.290 0.020 
0.530 0.290 0.020 
0.531 0.290 0.020 
0.532 0.289 0.021 
0.533 0.289 0.021 
0.534 0.288 0.021 
0.535 0.288 0.021 
0.535 0.288 0.021 
0.536 0.287 0.022 
0.537 0.287 0.022 
0.538 0.287 0.022 
0.538 0.286 0.022 
0.539 0.286 0.023 
0.540 0.285 0.023 
0.541 0.285 0.023 
0.542 0.284 0.024 
0.542 0.284 0.024 
0.543 0.284 0.024 
0.544 0.283 0.024 
0.545 0.283 0.025 
0.545 0.282 0.025 
0.546 0.282 0.025 
0.547 0.282 0.025 
0.547 0.281 0.026 
0.548 0.281 0.026 
0.549 0.280 0.026 
0.550 0.280 0.027 
0.551 0.279 0.027 
0.551 0.279 0.027 
0.552 0.279 0.028 
0.553 0.278 0.028 
0.553 0.278 0.028 
0.554 0.277 0.029 
0.555 0.277 0.029 
0.555 0.276 0.029 
0.556 0.276 0.030 
0.557 0.275 0.030 
0.558 0.275 0.030 
0.559 0.274 0.031 
0.559 0.274 0.031 
0.560 0.274 0.031 
0.561 0.273 0.032 
0.561 0.273 0.032 
0.562 0.272 0.032 
0.563 0.272 0.032 
0.563 0.271 0.033 
0.564 0.271 0.033 
0.565 0.270 0.034 
0.566 0.270 0.034 
0.567 0.269 0.034 
0.567 0.269 0.035 
0.568 0.269 0.035 
0.569 0.268 0.035 
0.569 0.268 0.036 
0.570 0.267 0.036 
0.571 0.267 0.036 
0.572 0.266 0.037 
0.572 0.266 0.037 
0.573 0.265 0.038 
0.574 0.265 0.038 
0.575 0.264 0.038 
0.576 0.264 0.039 
0.576 0.263 0.039 
0.577 0.263 0.039 
0.578 0.262 0.040 
0.578 0.262 0.040 
0.579 0.262 0.041 
0.580 0.261 0.041 
0.581 0.261 0.041 
0.582 0.260 0.042 
0.583 0.259 0.042 
0.584 0.259 0.043 
0.584 0.259 0.043 
0.585 0.258 0.043 
0.586 0.258 0.044 
0.587 0.257 0.044 
0.587 0.257 0.044 
0.588 0.256 0.045 
0.589 0.256 0.045 
0.590 0.255 0.046 
0.591 0.255 0.046 
0.592 0.254 0.046 
0.593 0.254 0.047 
0.594 0.253 0.047 
0.595 0.253 0.048 
0.595 0.252 0.048 
0.596 0.252 0.048 
0.597 0.251 0.049 
0.598 0.251 0.049 
0.599 0.251 0.050 
0.600 0.250 0.050 
0.601 0.249 0.050 
0.602 0.249 0.051 
0.603 0.248 0.051 
0.604 0.248 0.052 
0.605 0.248 0.052 
0.606 0.247 0.053 
0.607 0.247 0.053 
0.607 0.246 0.053 
0.608 0.246 0.054 
0.609 0.245 0.054 
0.610 0.245 0.055 
0.611 0.244 0.055 
0.612 0.244 0.056 
0.613 0.243 0.056 
0.614 0.243 0.057 
0.615 0.243 0.057 
0.616 0.242 0.058 
0.616 0.242 0.058 
0.617 0.241 0.059 
0.618 0.241 0.059 
0.619 0.241 0.060 
0.620 0.240 0.060 
0.621 0.240 0.061 
0.622 0.239 0.061 
0.622 0.239 0.062 
0.623 0.238 0.062 
0.624 0.238 0.063 
0.625 0.238 0.063 
0.625 0.237 0.064 
0.626 0.237 0.064 
0.627 0.237 0.065 
0.628 0.236 0.065 
0.629 0.236 0.066 
0.630 0.235 0.066 
0.630 0.235 0.067 
0.631 0.234 0.067 
0.632 0.234 0.068 
0.632 0.234 0.068 
0.633 0.233 0.069 
0.634 0.233 0.069 
0.635 0.233 0.070 
0.635 0.232 0.070 
0.636 0.232 0.071 
0.637 0.232 0.071 
0.638 0.231 0.072 
0.639 0.231 0.072 
0.639 0.230 0.073 
0.640 0.230 0.073 
0.641 0.230 0.074 
0.641 0.229 0.074 
0.642 0.229 0.075 
0.643 0.229 0.075 
0.643 0.228 0.076 
0.644 0.228 0.076 
0.645 0.227 0.077 
0.646 0.227 0.077 
0.647 0.227 0.078 
0.647 0.226 0.078 
0.648 0.226 0.079 
0.649 0.226 0.079 
0.649 0.225 0.080 
0.650 0.225 0.080 
0.651 0.225 0.081 
0.651 0.224 0.081 
0.652 0.224 0.082 
0.653 0.223 0.082 
0.654 0.223 0.083 
0.655 0.223 0.083 
0.655 0.222 0.084 
0.656 0.222 0.084 
0.657 0.222 0.085 
0.657 0.221 0.085 
0.658 0.221 0.085 
0.659 0.221 0.086 
0.660 0.220 0.086 
0.660 0.220 0.087 
0.661 0.219 0.087 
0.662 0.219 0.088 
0.663 0.219 0.088 
0.664 0.218 0.088 
0.664 0.218 0.089 
0.665 0.217 0.089 
0.666 0.217 0.090 
0.667 0.217 0.090 
0.667 0.216 0.090 
0.668 0.216 0.091 
0.669 0.216 0.091 
0.670 0.215 0.092 
0.671 0.215 0.092 
0.672 0.214 0.092 
0.672 0.214 0.093 
0.673 0.213 0.093 
0.674 0.213 0.093 
0.675 0.213 0.094 
0.676 0.212 0.094 
0.676 0.212 0.094 
0.677 0.211 0.095 
0.678 0.211 0.095 
0.679 0.211 0.095 
0.680 0.210 0.096 
0.681 0.210 0.096 
0.682 0.209 0.096 
0.683 0.209 0.096 
0.684 0.208 0.097 
0.684 0.208 0.097 
0.685 0.207 0.097 
0.686 0.207 0.097 
0.687 0.207 0.098 
0.688 0.206 0.098 
0.689 0.206 0.098 
0.690 0.205 0.098 
0.691 0.204 0.099 
0.692 0.204 0.099 
0.693 0.203 0.099 
0.694 0.203 0.099 
0.695 0.203 0.099 
0.696 0.202 0.099 
0.697 0.202 0.100 
0.698 0.201 0.100 
0.699 0.201 0.100 
0.700 0.200 0.100 
0.701 0.199 0.100 
0.702 0.199 0.100 
0.703 0.199 0.100 
0.704 0.198 0.100 
0.705 0.198 0.100 
0.706 0.197 0.101 
0.707 0.197 0.101 
0.707 0.196 0.101 
0.708 0.196 0.101 
0.709 0.195 0.101 
0.710 0.195 0.101 
0.711 0.194 0.101 
0.712 0.194 0.101 
0.713 0.193 0.101 
0.714 0.193 0.101 
0.715 0.193 0.101 
0.716 0.192 0.101 
0.716 0.192 0.101 
0.717 0.191 0.100 
0.718 0.191 0.100 
0.719 0.190 0.100 
0.720 0.190 0.100 
0.721 0.189 0.100 
0.722 0.189 0.100 
0.723 0.189 0.100 
0.723 0.188 0.100 
0.724 0.188 0.100 
0.725 0.187 0.100 
0.726 0.187 0.100 
0.727 0.187 0.099 
0.727 0.186 0.099 
0.728 0.186 0.099 
0.729 0.185 0.099 
0.730 0.185 0.099 
0.731 0.185 0.099 
0.732 0.184 0.098 
0.732 0.184 0.098 
0.733 0.183 0.098 
0.734 0.183 0.098 
0.735 0.183 0.098 
0.735 0.182 0.098 
0.736 0.182 0.097 
0.737 0.182 0.097 
0.738 0.181 0.097 
0.739 0.181 0.097 
0.739 0.180 0.096 
0.740 0.180 0.096 
0.741 0.180 0.096 
0.742 0.179 0.096 
0.742 0.179 0.096 
0.743 0.178 0.095 
0.744 0.178 0.095 
0.745 0.178 0.095 
0.745 0.177 0.095 
0.746 0.177 0.094 
0.747 0.176 0.094 
0.748 0.176 0.094 
0.749 0.176 0.093 
0.749 0.175 0.093 
0.750 0.175 0.093 
0.751 0.175 0.093 
0.751 0.174 0.092 
0.752 0.174 0.092 
0.753 0.174 0.092 
0.754 0.173 0.092 
0.754 0.173 0.091 
0.755 0.172 0.091 
0.756 0.172 0.091 
0.757 0.172 0.090 
0.758 0.171 0.090 
0.758 0.171 0.090 
0.759 0.171 0.089 
0.760 0.170 0.089 
0.760 0.170 0.089 
0.761 0.169 0.089 
0.762 0.169 0.088 
0.763 0.169 0.088 
0.764 0.168 0.088 
0.764 0.168 0.087 
0.765 0.167 0.087 
0.766 0.167 0.087 
0.767 0.167 0.086 
0.767 0.166 0.086 
0.768 0.166 0.086 
0.769 0.166 0.085 
0.770 0.165 0.085 
0.770 0.165 0.085 
0.771 0.164 0.085 
0.772 0.164 0.084 
0.773 0.163 0.084 
0.774 0.163 0.084 
0.775 0.163 0.083 
0.775 0.162 0.083 
0.776 0.162 0.083 
0.777 0.162 0.082 
0.778 0.161 0.082 
0.778 0.161 0.082 
0.779 0.160 0.081 
0.780 0.160 0.081 
0.781 0.159 0.081 
0.782 0.159 0.080 
0.783 0.159 0.080 
0.784 0.158 0.080 
0.785 0.158 0.080 
0.785 0.157 0.079 
0.786 0.157 0.079 
0.787 0.156 0.079 
0.788 0.156 0.078 
0.789 0.156 0.078 
0.790 0.155 0.078 
0.791 0.155 0.078 
0.792 0.154 0.077 
0.793 0.154 0.077 
0.794 0.153 0.077 
0.794 0.153 0.077 
0.795 0.152 0.076 
0.796 0.152 0.076 
0.797 0.151 0.076 
0.798 0.151 0.076 
0.799 0.151 0.075 
0.800 0.150 0.075 
