0.000 0.400 0.010 
0.001 0.399 0.011 
0.002 0.399 0.011 
0.003 0.399 0.012 
0.004 0.398 0.012 
0.005 0.398 0.013 
0.006 0.397 0.014 
0.006 0.397 0.014 
0.007 0.396 0.015 
0.008 0.396 0.015 
0.009 0.395 0.016 
0.010 0.395 0.017 
0.011 0.394 0.017 
0.012 0.394 0.018 
0.013 0.394 0.019 
0.014 0.393 0.019 
0.014 0.393 0.020 
0.015 0.392 0.020 
0.016 0.392 0.021 
0.017 0.392 0.022 
0.018 0.391 0.022 
0.018 0.391 0.023 
0.019 0.390 0.024 
0.020 0.390 0.025 
0.021 0.389 0.025 
0.022 0.389 0.026 
0.023 0.389 0.026 
0.023 0.388 0.027 
0.024 0.388 0.028 
0.025 0.388 0.028 
0.026 0.387 0.029 
0.026 0.387 0.030 
0.027 0.386 0.030 
0.028 0.386 0.031 
0.029 0.386 0.032 
0.030 0.385 0.033 
0.030 0.385 0.033 
0.031 0.384 0.034 
0.032 0.384 0.034 
0.032 0.384 0.035 
0.033 0.383 0.036 
0.034 0.383 0.036 
0.035 0.383 0.037 
0.035 0.382 0.038 
0.036 0.382 0.038 
0.037 0.382 0.039 
0.038 0.381 0.040 
0.038 0.381 0.040 
0.039 0.380 0.041 
0.040 0.380 0.042 
0.040 0.380 0.042 
0.041 0.379 0.043 
0.042 0.379 0.043 
0.042 0.379 0.044 
0.043 0.378 0.045 
0.044 0.378 0.045 
0.045 0.378 0.046 
0.046 0.377 0.047 
0.046 0.377 0.047 
0.047 0.376 0.048 
0.048 0.376 0.049 
0.048 0.376 0.049 
0.049 0.376 0.050 
0.050 0.375 0.050 
0.050 0.375 0.051 
0.051 0.374 0.051 
0.052 0.374 0.052 
0.053 0.374 0.053 
0.054 0.373 0.053 
0.054 0.373 0.054 
0.055 0.372 0.054 
0.056 0.372 0.055 
0.056 0.372 0.055 
0.057 0.371 0.056 
0.058 0.371 0.056 
0.059 0.371 0.057 
0.059 0.370 0.057 
0.060 0.370 0.058 
0.061 0.369 0.058 
0.062 0.369 0.059 
0.063 0.369 0.059 
0.063 0.368 0.060 
0.064 0.368 0.060 
0.065 0.368 0.061 
0.066 0.367 0.061 
0.066 0.367 0.062 
0.067 0.366 0.062 
0.068 0.366 0.062 
0.069 0.366 0.063 
0.070 0.365 0.063 
0.071 0.365 0.064 
0.072 0.364 0.064 
0.072 0.364 0.064 
0.073 0.363 0.065 
0.074 0.363 0.065 
0.075 0.363 0.065 
0.076 0.362 0.066 
0.076 0.362 0.066 
0.077 0.361 0.066 
0.078 0.361 0.067 
0.079 0.360 0.067 
0.080 0.360 0.067 
0.081 0.359 0.068 
0.082 0.359 0.068 
0.083 0.359 0.068 
0.084 0.358 0.068 
0.085 0.358 0.068 
0.086 0.357 0.069 
0.087 0.357 0.069 
0.087 0.356 0.069 
0.089 0.356 0.069 
0.090 0.355 0.069 
0.091 0.355 0.069 
0.092 0.354 0.070 
0.093 0.354 0.070 
0.094 0.353 0.070 
0.095 0.353 0.070 
0.096 0.352 0.070 
0.097 0.352 0.070 
0.098 0.351 0.070 
0.099 0.351 0.070 
0.100 0.350 0.070 
0.101 0.349 0.070 
0.102 0.349 0.070 
0.103 0.348 0.070 
0.104 0.348 0.070 
0.105 0.347 0.070 
0.106 0.347 0.070 
0.107 0.346 0.070 
0.108 0.345 0.069 
0.109 0.345 0.069 
0.110 0.344 0.069 
0.111 0.344 0.069 
0.112 0.343 0.069 
0.113 0.342 0.068 
0.114 0.342 0.068 
0.115 0.341 0.068 
0.116 0.340 0.068 
0.117 0.340 0.067 
0.118 0.339 0.067 
0.118 0.338 0.067 
0.119 0.338 0.066 
0.120 0.337 0.066 
0.121 0.336 0.065 
0.122 0.336 0.065 
0.123 0.335 0.065 
0.124 0.334 0.064 
0.125 0.334 0.064 
0.125 0.333 0.063 
0.126 0.332 0.063 
0.127 0.332 0.063 
0.127 0.331 0.062 
0.128 0.330 0.062 
0.129 0.330 0.061 
0.130 0.329 0.060 
0.131 0.328 0.060 
0.132 0.327 0.059 
0.132 0.327 0.059 
0.133 0.326 0.058 
0.134 0.325 0.058 
0.134 0.325 0.057 
0.135 0.324 0.057 
0.136 0.324 0.056 
0.136 0.323 0.056 
0.137 0.322 0.055 
0.138 0.321 0.054 
0.139 0.321 0.054 
0.139 0.320 0.053 
0.140 0.319 0.052 
0.141 0.319 0.052 
0.141 0.318 0.051 
0.142 0.318 0.050 
0.143 0.317 0.050 
0.143 0.316 0.049 
0.144 0.316 0.049 
0.145 0.315 0.048 
0.145 0.314 0.047 
0.146 0.314 0.046 
0.147 0.313 0.046 
0.148 0.313 0.045 
0.148 0.312 0.044 
0.149 0.311 0.044 
0.149 0.311 0.043 
0.150 0.310 0.042 
0.151 0.310 0.042 
0.151 0.309 0.041 
0.152 0.309 0.040 
0.153 0.308 0.040 
0.154 0.308 0.039 
0.154 0.307 0.038 
0.155 0.307 0.037 
0.156 0.306 0.037 
0.156 0.306 0.036 
0.157 0.305 0.035 
0.158 0.305 0.035 
0.158 0.304 0.034 
0.159 0.304 0.033 
0.160 0.303 0.033 
0.161 0.303 0.032 
0.161 0.303 0.031 
0.162 0.302 0.031 
0.163 0.302 0.030 
0.164 0.301 0.029 
0.164 0.301 0.029 
0.165 0.301 0.028 
0.166 0.300 0.027 
0.166 0.300 0.027 
0.167 0.300 0.026 
0.168 0.300 0.026 
0.169 0.299 0.025 
0.170 0.299 0.024 
0.171 0.299 0.024 
0.171 0.298 0.023 
0.172 0.298 0.022 
0.173 0.298 0.022 
0.174 0.298 0.021 
0.174 0.298 0.021 
0.175 0.298 0.020 
0.176 0.297 0.020 
0.177 0.297 0.019 
0.178 0.297 0.018 
0.179 0.297 0.018 
0.180 0.297 0.017 
0.181 0.297 0.017 
0.182 0.297 0.016 
0.183 0.297 0.016 
0.183 0.297 0.016 
0.184 0.297 0.015 
0.185 0.297 0.015 
0.186 0.297 0.014 
0.187 0.297 0.014 
0.188 0.297 0.013 
0.189 0.298 0.013 
0.191 0.298 0.013 
0.192 0.298 0.012 
0.193 0.298 0.012 
0.194 0.298 0.012 
0.195 0.298 0.011 
0.196 0.299 0.011 
0.197 0.299 0.011 
0.198 0.299 0.011 
0.199 0.300 0.010 
0.200 0.300 0.010 
0.202 0.301 0.010 
0.203 0.301 0.009 
0.205 0.302 0.009 
0.206 0.302 0.009 
0.208 0.303 0.009 
0.209 0.304 0.008 
0.210 0.304 0.008 
0.212 0.305 0.008 
0.213 0.306 0.008 
0.215 0.307 0.008 
0.216 0.308 0.007 
0.217 0.309 0.007 
0.219 0.310 0.007 
0.220 0.311 0.007 
0.221 0.312 0.007 
0.222 0.313 0.007 
0.223 0.314 0.007 
0.224 0.315 0.007 
0.225 0.316 0.007 
0.226 0.318 0.007 
0.227 0.319 0.007 
0.228 0.320 0.007 
0.229 0.322 0.007 
0.230 0.323 0.007 
0.231 0.324 0.007 
0.232 0.326 0.007 
0.232 0.327 0.007 
0.233 0.328 0.007 
0.234 0.330 0.007 
0.235 0.331 0.007 
0.235 0.332 0.007 
0.236 0.334 0.007 
0.237 0.335 0.007 
0.238 0.337 0.007 
0.238 0.339 0.008 
0.239 0.340 0.008 
0.239 0.342 0.008 
0.240 0.343 0.008 
0.241 0.345 0.008 
0.241 0.346 0.009 
0.242 0.348 0.009 
0.242 0.349 0.009 
0.243 0.351 0.009 
0.243 0.353 0.010 
0.244 0.355 0.010 
0.244 0.356 0.010 
0.245 0.358 0.010 
0.245 0.360 0.011 
0.246 0.361 0.011 
0.246 0.363 0.011 
0.246 0.364 0.012 
0.247 0.366 0.012 
0.247 0.367 0.012 
0.248 0.369 0.013 
0.248 0.371 0.013 
0.249 0.373 0.013 
0.249 0.375 0.014 
0.249 0.376 0.014 
0.250 0.378 0.015 
0.250 0.380 0.015 
0.251 0.381 0.015 
0.251 0.383 0.016 
0.251 0.384 0.016 
0.252 0.386 0.017 
0.252 0.388 0.017 
0.253 0.389 0.018 
0.253 0.391 0.018 
0.254 0.393 0.018 
0.254 0.395 0.019 
0.254 0.396 0.019 
0.255 0.398 0.020 
0.255 0.399 0.020 
0.256 0.401 0.021 
0.256 0.402 0.021 
0.256 0.404 0.022 
0.257 0.405 0.022 
0.258 0.407 0.023 
0.258 0.409 0.023 
0.259 0.410 0.024 
0.259 0.412 0.025 
0.260 0.413 0.025 
0.260 0.415 0.026 
0.261 0.416 0.026 
0.261 0.417 0.027 
0.262 0.419 0.027 
0.262 0.420 0.028 
0.263 0.421 0.028 
0.264 0.423 0.029 
0.265 0.424 0.030 
0.265 0.426 0.030 
0.266 0.427 0.031 
0.267 0.428 0.031 
0.267 0.429 0.032 
0.268 0.430 0.033 
0.269 0.432 0.033 
0.270 0.433 0.034 
0.270 0.434 0.034 
0.271 0.435 0.035 
0.272 0.436 0.036 
0.274 0.437 0.036 
0.274 0.438 0.037 
0.275 0.439 0.038 
0.276 0.440 0.038 
0.277 0.441 0.039 
0.278 0.442 0.040 
0.279 0.442 0.040 
0.280 0.443 0.041 
0.282 0.444 0.041 
0.283 0.445 0.042 
0.284 0.445 0.043 
0.286 0.446 0.044 
0.287 0.447 0.044 
0.288 0.447 0.045 
0.290 0.448 0.046 
0.291 0.448 0.046 
0.293 0.449 0.047 
0.294 0.449 0.047 
0.295 0.449 0.048 
0.297 0.450 0.049 
0.298 0.450 0.049 
0.300 0.450 0.050 
0.301 0.450 0.051 
0.303 0.450 0.051 
0.304 0.450 0.052 
0.305 0.450 0.052 
0.306 0.450 0.053 
0.307 0.450 0.053 
0.308 0.450 0.054 
0.310 0.450 0.054 
0.311 0.450 0.055 
0.312 0.450 0.055 
0.313 0.450 0.056 
0.315 0.450 0.056 
0.316 0.449 0.057 
0.317 0.449 0.058 
0.318 0.449 0.058 
0.319 0.449 0.059 
0.320 0.449 0.059 
0.321 0.448 0.060 
0.322 0.448 0.060 
0.323 0.448 0.061 
0.324 0.447 0.061 
0.325 0.447 0.062 
0.326 0.446 0.062 
0.327 0.446 0.063 
0.328 0.445 0.063 
0.329 0.445 0.064 
0.330 0.444 0.064 
0.330 0.444 0.065 
0.331 0.443 0.065 
0.332 0.443 0.066 
0.333 0.442 0.066 
0.334 0.441 0.067 
0.335 0.441 0.068 
0.336 0.440 0.068 
0.336 0.439 0.069 
0.337 0.439 0.069 
0.338 0.438 0.070 
0.339 0.437 0.070 
0.340 0.437 0.071 
0.340 0.436 0.071 
0.341 0.435 0.072 
0.342 0.434 0.072 
0.342 0.434 0.073 
0.343 0.433 0.073 
0.344 0.432 0.074 
0.345 0.431 0.074 
0.346 0.430 0.075 
0.346 0.429 0.075 
0.347 0.428 0.076 
0.348 0.427 0.076 
0.348 0.427 0.076 
0.349 0.426 0.077 
0.350 0.425 0.077 
0.350 0.424 0.078 
0.351 0.423 0.078 
0.352 0.422 0.079 
0.353 0.421 0.079 
0.353 0.420 0.080 
0.354 0.419 0.080 
0.355 0.418 0.080 
0.355 0.417 0.081 
0.356 0.416 0.081 
0.356 0.415 0.081 
0.357 0.414 0.082 
0.358 0.413 0.082 
0.358 0.411 0.083 
0.359 0.410 0.083 
0.360 0.409 0.083 
0.360 0.408 0.084 
0.361 0.407 0.084 
0.362 0.406 0.084 
0.362 0.405 0.085 
0.363 0.404 0.085 
0.363 0.403 0.085 
0.364 0.402 0.086 
0.365 0.401 0.086 
0.366 0.399 0.086 
0.366 0.398 0.087 
0.367 0.397 0.087 
0.368 0.396 0.087 
0.368 0.395 0.088 
0.369 0.393 0.088 
0.369 0.392 0.088 
0.370 0.391 0.088 
0.371 0.390 0.088 
0.371 0.389 0.089 
0.372 0.388 0.089 
0.373 0.387 0.089 
0.374 0.385 0.089 
0.374 0.384 0.090 
0.375 0.383 0.090 
0.376 0.382 0.090 
0.376 0.381 0.090 
0.377 0.380 0.090 
0.378 0.379 0.090 
0.378 0.378 0.090 
0.379 0.376 0.091 
0.380 0.375 0.091 
0.381 0.374 0.091 
0.382 0.373 0.091 
0.383 0.371 0.091 
0.383 0.370 0.091 
0.384 0.369 0.091 
0.385 0.368 0.091 
0.386 0.367 0.091 
0.386 0.366 0.091 
0.387 0.365 0.091 
0.388 0.364 0.091 
0.389 0.363 0.091 
0.390 0.362 0.091 
0.391 0.360 0.091 
0.392 0.359 0.091 
0.393 0.358 0.091 
0.393 0.357 0.091 
0.394 0.356 0.091 
0.395 0.355 0.091 
0.396 0.354 0.091 
0.397 0.353 0.091 
0.398 0.352 0.090 
0.399 0.351 0.090 
0.400 0.350 0.090 
0.401 0.349 0.090 
0.402 0.348 0.090 
0.403 0.347 0.089 
0.404 0.346 0.089 
0.405 0.345 0.089 
0.406 0.344 0.089 
0.407 0.343 0.088 
0.408 0.342 0.088 
0.409 0.341 0.088 
0.410 0.340 0.087 
0.411 0.339 0.087 
0.412 0.338 0.086 
0.413 0.337 0.086 
0.414 0.336 0.085 
0.415 0.335 0.085 
0.416 0.334 0.084 
0.417 0.333 0.084 
0.418 0.332 0.083 
0.419 0.331 0.083 
0.419 0.331 0.082 
0.420 0.330 0.082 
0.421 0.329 0.081 
0.422 0.328 0.080 
0.423 0.327 0.080 
0.424 0.326 0.079 
0.425 0.325 0.078 
0.426 0.324 0.078 
0.426 0.324 0.077 
0.427 0.323 0.076 
0.428 0.322 0.076 
0.429 0.321 0.075 
0.429 0.321 0.074 
0.430 0.320 0.073 
0.431 0.319 0.073 
0.432 0.318 0.072 
0.433 0.317 0.071 
0.433 0.317 0.070 
0.434 0.316 0.069 
0.435 0.315 0.069 
0.435 0.315 0.068 
0.436 0.314 0.067 
0.437 0.313 0.066 
0.438 0.312 0.065 
0.438 0.312 0.065 
0.439 0.311 0.064 
0.440 0.310 0.063 
0.441 0.309 0.062 
0.441 0.309 0.061 
0.442 0.308 0.060 
0.443 0.307 0.059 
0.443 0.307 0.059 
0.444 0.306 0.058 
0.445 0.305 0.057 
0.445 0.305 0.056 
0.446 0.304 0.055 
0.447 0.303 0.054 
0.448 0.302 0.053 
0.448 0.302 0.052 
0.449 0.301 0.051 
0.450 0.300 0.050 
0.450 0.300 0.050 
0.451 0.299 0.049 
0.452 0.298 0.048 
0.452 0.298 0.047 
0.453 0.297 0.046 
0.454 0.296 0.045 
0.455 0.295 0.044 
0.455 0.295 0.043 
0.456 0.294 0.042 
0.457 0.293 0.041 
0.457 0.293 0.041 
0.458 0.292 0.040 
0.459 0.291 0.039 
0.459 0.291 0.038 
0.460 0.290 0.037 
0.461 0.289 0.036 
0.462 0.288 0.035 
0.462 0.288 0.035 
0.463 0.287 0.034 
0.464 0.286 0.033 
0.465 0.285 0.032 
0.465 0.285 0.031 
0.466 0.284 0.031 
0.467 0.283 0.030 
0.467 0.283 0.029 
0.468 0.282 0.028 
0.469 0.281 0.027 
0.470 0.280 0.027 
0.471 0.279 0.026 
0.471 0.279 0.025 
0.472 0.278 0.024 
0.473 0.277 0.024 
0.474 0.276 0.023 
0.474 0.276 0.022 
0.475 0.275 0.022 
0.476 0.274 0.021 
0.477 0.273 0.020 
0.478 0.272 0.020 
0.479 0.271 0.019 
0.480 0.270 0.018 
0.481 0.269 0.018 
0.481 0.269 0.017 
0.482 0.268 0.017 
0.483 0.267 0.016 
0.484 0.266 0.016 
0.485 0.265 0.015 
0.486 0.264 0.015 
0.487 0.263 0.014 
0.488 0.262 0.014 
0.489 0.261 0.013 
0.490 0.260 0.013 
0.491 0.259 0.012 
0.492 0.258 0.012 
0.493 0.257 0.012 
0.494 0.256 0.011 
0.495 0.255 0.011 
0.496 0.254 0.011 
0.497 0.253 0.011 
0.498 0.252 0.010 
0.499 0.251 0.010 
0.500 0.250 0.010 
0.501 0.249 0.010 
0.502 0.248 0.010 
0.503 0.247 0.010 
0.504 0.246 0.009 
0.505 0.245 0.009 
0.506 0.244 0.009 
0.506 0.243 0.009 
0.507 0.242 0.009 
0.508 0.241 0.009 
0.509 0.240 0.009 
0.510 0.239 0.009 
0.511 0.237 0.009 
0.512 0.236 0.009 
0.513 0.235 0.009 
0.514 0.234 0.009 
0.514 0.233 0.010 
0.515 0.232 0.010 
0.516 0.231 0.010 
0.516 0.230 0.010 
0.517 0.229 0.010 
0.518 0.228 0.010 
0.519 0.227 0.011 
0.520 0.225 0.011 
0.520 0.224 0.011 
0.521 0.223 0.011 
0.522 0.222 0.011 
0.522 0.221 0.012 
0.523 0.220 0.012 
0.524 0.219 0.012 
0.524 0.218 0.012 
0.525 0.217 0.013 
0.526 0.215 0.013 
0.526 0.214 0.013 
0.527 0.213 0.014 
0.528 0.212 0.014 
0.528 0.211 0.015 
0.529 0.210 0.015 
0.530 0.209 0.015 
0.530 0.208 0.016 
0.531 0.206 0.016 
0.531 0.205 0.016 
0.532 0.204 0.017 
0.533 0.203 0.017 
0.533 0.202 0.018 
0.534 0.201 0.018 
0.535 0.200 0.019 
0.535 0.199 0.019 
0.536 0.197 0.019 
0.537 0.196 0.020 
0.537 0.196 0.020 
0.538 0.195 0.021 
0.538 0.194 0.021 
0.539 0.192 0.022 
0.540 0.191 0.022 
0.540 0.190 0.023 
0.541 0.189 0.023 
0.542 0.188 0.024 
0.542 0.187 0.024 
0.543 0.186 0.025 
0.543 0.185 0.025 
0.544 0.184 0.026 
0.545 0.183 0.026 
0.545 0.182 0.027 
0.546 0.181 0.027 
0.546 0.180 0.028 
0.547 0.179 0.028 
0.548 0.178 0.029 
0.549 0.177 0.029 
0.549 0.176 0.030 
0.550 0.175 0.030 
0.551 0.175 0.031 
0.551 0.174 0.031 
0.552 0.173 0.032 
0.553 0.172 0.032 
0.553 0.171 0.033 
0.554 0.170 0.033 
0.555 0.170 0.034 
0.556 0.169 0.034 
0.556 0.168 0.035 
0.557 0.167 0.035 
0.558 0.166 0.036 
0.559 0.166 0.036 
0.559 0.165 0.037 
0.560 0.164 0.037 
0.561 0.164 0.038 
0.562 0.163 0.038 
0.563 0.162 0.039 
0.564 0.161 0.039 
0.565 0.161 0.040 
0.565 0.160 0.040 
0.566 0.159 0.041 
0.567 0.159 0.041 
0.568 0.158 0.042 
0.569 0.158 0.042 
0.570 0.157 0.042 
0.571 0.157 0.043 
0.572 0.156 0.043 
0.573 0.156 0.044 
0.574 0.155 0.044 
0.575 0.155 0.044 
0.576 0.154 0.045 
0.577 0.154 0.045 
0.578 0.153 0.046 
0.579 0.153 0.046 
0.580 0.153 0.046 
0.581 0.152 0.046 
0.582 0.152 0.047 
0.583 0.152 0.047 
0.584 0.152 0.047 
0.586 0.151 0.048 
0.587 0.151 0.048 
0.588 0.151 0.048 
0.590 0.151 0.049 
0.591 0.150 0.049 
0.592 0.150 0.049 
0.593 0.150 0.049 
0.595 0.150 0.049 
0.596 0.150 0.050 
0.597 0.150 0.050 
0.599 0.150 0.050 
0.600 0.150 0.050 
0.601 0.150 0.050 
0.603 0.150 0.050 
0.604 0.150 0.050 
0.605 0.150 0.050 
0.606 0.150 0.050 
0.608 0.151 0.050 
0.609 0.151 0.050 
0.610 0.151 0.050 
0.611 0.151 0.050 
0.612 0.152 0.050 
0.614 0.152 0.050 
0.615 0.152 0.050 
0.616 0.153 0.050 
0.617 0.153 0.050 
0.618 0.153 0.050 
0.619 0.154 0.050 
0.620 0.154 0.050 
0.621 0.155 0.050 
0.622 0.155 0.049 
0.623 0.156 0.049 
0.624 0.156 0.049 
0.625 0.157 0.049 
0.626 0.158 0.049 
0.627 0.158 0.048 
0.628 0.159 0.048 
0.629 0.160 0.048 
0.630 0.160 0.048 
0.630 0.161 0.047 
0.631 0.162 0.047 
0.632 0.162 0.047 
0.633 0.163 0.046 
0.634 0.164 0.046 
0.635 0.165 0.046 
0.635 0.166 0.045 
0.636 0.167 0.045 
0.637 0.167 0.045 
0.638 0.168 0.044 
0.638 0.169 0.044 
0.639 0.170 0.044 
0.640 0.171 0.043 
0.640 0.172 0.043 
0.641 0.173 0.043 
0.642 0.174 0.042 
0.643 0.175 0.042 
0.643 0.176 0.041 
0.644 0.177 0.041 
0.645 0.178 0.041 
0.645 0.179 0.040 
0.646 0.180 0.040 
0.647 0.181 0.040 
0.647 0.181 0.039 
0.648 0.182 0.039 
0.648 0.183 0.038 
0.649 0.185 0.038 
0.650 0.186 0.038 
0.650 0.187 0.037 
0.651 0.188 0.037 
0.652 0.189 0.036 
0.652 0.190 0.036 
0.653 0.191 0.036 
0.653 0.192 0.035 
0.654 0.193 0.035 
0.654 0.194 0.035 
0.655 0.195 0.034 
0.656 0.196 0.034 
0.656 0.198 0.033 
0.657 0.199 0.033 
0.658 0.200 0.033 
0.658 0.201 0.032 
0.659 0.202 0.032 
0.659 0.203 0.032 
0.660 0.204 0.031 
0.660 0.205 0.031 
0.661 0.206 0.031 
0.662 0.208 0.030 
0.662 0.209 0.030 
0.663 0.210 0.030 
0.664 0.211 0.029 
0.664 0.212 0.029 
0.665 0.213 0.029 
0.665 0.214 0.028 
0.666 0.215 0.028 
0.667 0.216 0.028 
0.667 0.217 0.028 
0.668 0.218 0.028 
0.669 0.220 0.027 
0.669 0.221 0.027 
0.670 0.222 0.027 
0.671 0.223 0.027 
0.672 0.224 0.027 
0.672 0.225 0.026 
0.673 0.226 0.026 
0.674 0.227 0.026 
0.674 0.228 0.026 
0.675 0.229 0.026 
0.676 0.230 0.026 
0.677 0.231 0.026 
0.677 0.232 0.026 
0.678 0.233 0.026 
0.679 0.234 0.026 
0.680 0.235 0.026 
0.681 0.236 0.026 
0.682 0.237 0.026 
0.683 0.238 0.026 
0.683 0.238 0.026 
0.684 0.239 0.026 
0.685 0.240 0.026 
0.686 0.241 0.026 
0.687 0.242 0.026 
0.688 0.242 0.027 
0.689 0.243 0.027 
0.690 0.244 0.027 
0.691 0.245 0.027 
0.692 0.246 0.028 
0.693 0.246 0.028 
0.694 0.247 0.028 
0.695 0.248 0.028 
0.696 0.248 0.029 
0.698 0.249 0.029 
0.699 0.249 0.030 
0.700 0.250 0.030 
0.701 0.251 0.030 
0.702 0.251 0.031 
0.703 0.252 0.031 
0.704 0.252 0.032 
0.705 0.253 0.032 
0.706 0.253 0.032 
0.707 0.253 0.033 
0.708 0.254 0.033 
0.709 0.254 0.034 
0.710 0.254 0.034 
0.712 0.255 0.035 
0.713 0.255 0.036 
0.714 0.256 0.036 
0.715 0.256 0.037 
0.715 0.256 0.037 
0.716 0.257 0.038 
0.717 0.257 0.038 
0.718 0.257 0.039 
0.719 0.257 0.039 
0.720 0.257 0.040 
0.721 0.258 0.040 
0.722 0.258 0.041 
0.723 0.258 0.042 
0.724 0.258 0.042 
0.725 0.259 0.043 
0.726 0.259 0.043 
0.726 0.259 0.044 
0.727 0.259 0.045 
0.728 0.259 0.045 
0.729 0.259 0.046 
0.730 0.259 0.046 
0.730 0.259 0.047 
0.731 0.259 0.048 
0.732 0.260 0.049 
0.733 0.260 0.049 
0.734 0.260 0.050 
0.735 0.260 0.051 
0.735 0.260 0.051 
0.736 0.260 0.052 
0.737 0.260 0.053 
0.738 0.260 0.053 
0.738 0.260 0.054 
0.739 0.260 0.055 
0.740 0.260 0.055 
0.741 0.260 0.056 
0.742 0.260 0.057 
0.742 0.259 0.058 
0.743 0.259 0.058 
0.744 0.259 0.059 
0.745 0.259 0.060 
0.745 0.259 0.061 
0.746 0.259 0.061 
0.747 0.259 0.062 
0.747 0.259 0.063 
0.748 0.259 0.064 
0.749 0.259 0.065 
0.750 0.259 0.065 
0.751 0.258 0.066 
0.751 0.258 0.067 
0.752 0.258 0.068 
0.753 0.258 0.068 
0.753 0.258 0.069 
0.754 0.258 0.070 
0.755 0.258 0.071 
0.755 0.258 0.072 
0.756 0.257 0.072 
0.757 0.257 0.073 
0.758 0.257 0.074 
0.758 0.257 0.075 
0.759 0.257 0.076 
0.760 0.257 0.077 
0.760 0.256 0.077 
0.761 0.256 0.078 
0.762 0.256 0.079 
0.762 0.256 0.080 
0.763 0.256 0.081 
0.764 0.255 0.082 
0.765 0.255 0.083 
0.766 0.255 0.083 
0.766 0.255 0.084 
0.767 0.255 0.085 
0.768 0.255 0.086 
0.768 0.254 0.087 
0.769 0.254 0.088 
0.770 0.254 0.088 
0.771 0.254 0.089 
0.771 0.254 0.090 
0.772 0.254 0.091 
0.773 0.253 0.092 
0.774 0.253 0.093 
0.775 0.253 0.094 
0.775 0.253 0.095 
0.776 0.253 0.095 
0.777 0.253 0.096 
0.777 0.252 0.097 
0.778 0.252 0.098 
0.779 0.252 0.099 
0.780 0.252 0.100 
0.781 0.252 0.101 
0.782 0.252 0.102 
0.782 0.251 0.103 
0.783 0.251 0.103 
0.784 0.251 0.104 
0.785 0.251 0.105 
0.786 0.251 0.106 
0.786 0.251 0.107 
0.787 0.251 0.108 
0.788 0.251 0.108 
0.789 0.251 0.109 
0.790 0.250 0.110 
0.791 0.250 0.111 
0.792 0.250 0.112 
0.793 0.250 0.113 
0.794 0.250 0.114 
0.794 0.250 0.115 
0.795 0.250 0.116 
0.796 0.250 0.116 
0.797 0.250 0.117 
0.798 0.250 0.118 
0.799 0.250 0.119 
0.800 0.250 0.120 
