0.000 0.400 0.050 
0.001 0.401 0.051 
0.002 0.401 0.051 
0.003 0.401 0.052 
0.004 0.402 0.052 
0.005 0.402 0.052 
0.006 0.403 0.053 
0.006 0.403 0.053 
0.007 0.404 0.054 
0.008 0.404 0.054 
0.009 0.405 0.055 
0.010 0.405 0.055 
0.011 0.406 0.056 
0.012 0.406 0.057 
0.013 0.406 0.057 
0.014 0.407 0.058 
0.014 0.407 0.058 
0.015 0.408 0.058 
0.016 0.408 0.059 
0.017 0.408 0.059 
0.018 0.409 0.060 
0.019 0.409 0.061 
0.020 0.410 0.061 
0.020 0.410 0.062 
0.021 0.411 0.062 
0.022 0.411 0.063 
0.023 0.411 0.063 
0.024 0.412 0.064 
0.024 0.412 0.064 
0.025 0.412 0.065 
0.026 0.413 0.065 
0.027 0.413 0.066 
0.027 0.414 0.066 
0.028 0.414 0.067 
0.029 0.415 0.067 
0.030 0.415 0.068 
0.031 0.415 0.068 
0.031 0.416 0.069 
0.032 0.416 0.069 
0.033 0.416 0.070 
0.033 0.417 0.070 
0.034 0.417 0.071 
0.035 0.417 0.071 
0.036 0.418 0.072 
0.037 0.418 0.072 
0.037 0.419 0.073 
0.038 0.419 0.074 
0.039 0.419 0.074 
0.040 0.420 0.074 
0.040 0.420 0.075 
0.041 0.420 0.075 
0.042 0.421 0.076 
0.042 0.421 0.076 
0.043 0.422 0.077 
0.044 0.422 0.077 
0.045 0.422 0.078 
0.045 0.423 0.078 
0.046 0.423 0.079 
0.047 0.423 0.079 
0.048 0.424 0.080 
0.048 0.424 0.080 
0.049 0.425 0.081 
0.050 0.425 0.081 
0.050 0.425 0.082 
0.051 0.426 0.082 
0.052 0.426 0.083 
0.053 0.426 0.083 
0.054 0.427 0.084 
0.054 0.427 0.084 
0.055 0.428 0.084 
0.056 0.428 0.085 
0.056 0.428 0.085 
0.057 0.429 0.086 
0.058 0.429 0.086 
0.059 0.429 0.086 
0.059 0.430 0.087 
0.060 0.430 0.087 
0.061 0.431 0.088 
0.062 0.431 0.088 
0.063 0.431 0.089 
0.063 0.432 0.089 
0.064 0.432 0.089 
0.065 0.432 0.090 
0.066 0.433 0.090 
0.066 0.433 0.091 
0.067 0.434 0.091 
0.068 0.434 0.091 
0.069 0.434 0.092 
0.070 0.435 0.092 
0.071 0.435 0.092 
0.071 0.436 0.093 
0.072 0.436 0.093 
0.073 0.437 0.093 
0.074 0.437 0.094 
0.075 0.437 0.094 
0.075 0.438 0.094 
0.076 0.438 0.095 
0.077 0.439 0.095 
0.078 0.439 0.095 
0.079 0.439 0.095 
0.080 0.440 0.096 
0.081 0.440 0.096 
0.082 0.441 0.096 
0.083 0.441 0.097 
0.083 0.442 0.097 
0.084 0.442 0.097 
0.085 0.443 0.097 
0.086 0.443 0.098 
0.087 0.443 0.098 
0.088 0.444 0.098 
0.089 0.444 0.098 
0.090 0.445 0.098 
0.091 0.446 0.099 
0.092 0.446 0.099 
0.093 0.447 0.099 
0.094 0.447 0.099 
0.095 0.447 0.099 
0.096 0.448 0.099 
0.097 0.448 0.100 
0.098 0.449 0.100 
0.099 0.449 0.100 
0.100 0.450 0.100 
0.101 0.451 0.100 
0.102 0.451 0.100 
0.103 0.452 0.100 
0.104 0.452 0.100 
0.105 0.452 0.100 
0.106 0.453 0.101 
0.107 0.453 0.101 
0.107 0.454 0.101 
0.108 0.454 0.101 
0.109 0.455 0.101 
0.110 0.455 0.101 
0.111 0.456 0.101 
0.112 0.456 0.101 
0.113 0.457 0.101 
0.114 0.457 0.101 
0.115 0.458 0.101 
0.116 0.458 0.101 
0.116 0.459 0.101 
0.117 0.459 0.101 
0.118 0.460 0.101 
0.119 0.460 0.101 
0.120 0.461 0.101 
0.121 0.461 0.101 
0.122 0.462 0.101 
0.123 0.462 0.101 
0.123 0.463 0.101 
0.124 0.463 0.101 
0.125 0.464 0.101 
0.126 0.464 0.101 
0.126 0.465 0.101 
0.127 0.465 0.100 
0.128 0.466 0.100 
0.129 0.466 0.100 
0.130 0.467 0.100 
0.131 0.467 0.100 
0.132 0.468 0.100 
0.132 0.468 0.100 
0.133 0.468 0.100 
0.134 0.469 0.100 
0.134 0.469 0.100 
0.135 0.470 0.099 
0.136 0.470 0.099 
0.137 0.471 0.099 
0.138 0.471 0.099 
0.138 0.472 0.099 
0.139 0.472 0.099 
0.140 0.473 0.098 
0.141 0.473 0.098 
0.141 0.474 0.098 
0.142 0.474 0.098 
0.143 0.474 0.098 
0.144 0.475 0.098 
0.144 0.475 0.097 
0.145 0.476 0.097 
0.146 0.476 0.097 
0.147 0.477 0.097 
0.148 0.477 0.097 
0.148 0.478 0.096 
0.149 0.478 0.096 
0.150 0.478 0.096 
0.150 0.479 0.096 
0.151 0.479 0.096 
0.152 0.480 0.095 
0.152 0.480 0.095 
0.153 0.481 0.095 
0.154 0.481 0.095 
0.155 0.481 0.094 
0.156 0.482 0.094 
0.157 0.482 0.094 
0.157 0.483 0.093 
0.158 0.483 0.093 
0.159 0.484 0.093 
0.159 0.484 0.093 
0.160 0.484 0.092 
0.161 0.485 0.092 
0.162 0.485 0.092 
0.162 0.486 0.091 
0.163 0.486 0.091 
0.164 0.486 0.091 
0.165 0.487 0.091 
0.166 0.487 0.090 
0.166 0.488 0.090 
0.167 0.488 0.090 
0.168 0.488 0.089 
0.169 0.489 0.089 
0.169 0.489 0.089 
0.170 0.489 0.088 
0.171 0.490 0.088 
0.172 0.490 0.088 
0.173 0.491 0.087 
0.174 0.491 0.087 
0.174 0.491 0.087 
0.175 0.492 0.086 
0.176 0.492 0.086 
0.177 0.492 0.086 
0.177 0.493 0.085 
0.178 0.493 0.085 
0.179 0.493 0.084 
0.180 0.494 0.084 
0.181 0.494 0.084 
0.182 0.494 0.083 
0.183 0.495 0.083 
0.184 0.495 0.082 
0.184 0.495 0.082 
0.185 0.496 0.082 
0.186 0.496 0.081 
0.187 0.496 0.081 
0.188 0.496 0.081 
0.189 0.497 0.080 
0.190 0.497 0.080 
0.191 0.497 0.079 
0.192 0.498 0.079 
0.193 0.498 0.078 
0.193 0.498 0.078 
0.194 0.498 0.078 
0.195 0.499 0.077 
0.196 0.499 0.077 
0.197 0.499 0.076 
0.198 0.499 0.076 
0.199 0.500 0.075 
0.200 0.500 0.075 
0.201 0.500 0.074 
0.202 0.501 0.074 
0.203 0.501 0.074 
0.204 0.501 0.073 
0.205 0.501 0.073 
0.206 0.502 0.072 
0.207 0.502 0.072 
0.208 0.502 0.071 
0.209 0.502 0.071 
0.210 0.503 0.070 
0.211 0.503 0.070 
0.212 0.503 0.069 
0.213 0.504 0.068 
0.214 0.504 0.068 
0.215 0.504 0.067 
0.215 0.504 0.067 
0.216 0.505 0.066 
0.217 0.505 0.066 
0.218 0.505 0.065 
0.219 0.505 0.065 
0.220 0.506 0.064 
0.221 0.506 0.064 
0.222 0.506 0.063 
0.223 0.506 0.062 
0.224 0.507 0.062 
0.224 0.507 0.061 
0.225 0.507 0.061 
0.226 0.507 0.060 
0.227 0.508 0.060 
0.228 0.508 0.059 
0.228 0.508 0.059 
0.229 0.508 0.058 
0.230 0.509 0.057 
0.231 0.509 0.057 
0.232 0.509 0.056 
0.233 0.509 0.055 
0.234 0.510 0.055 
0.234 0.510 0.054 
0.235 0.510 0.054 
0.236 0.510 0.053 
0.237 0.510 0.053 
0.237 0.511 0.052 
0.238 0.511 0.051 
0.239 0.511 0.051 
0.240 0.511 0.050 
0.241 0.512 0.049 
0.242 0.512 0.049 
0.242 0.512 0.048 
0.243 0.512 0.048 
0.244 0.512 0.047 
0.244 0.512 0.046 
0.245 0.512 0.046 
0.246 0.513 0.045 
0.247 0.513 0.045 
0.248 0.513 0.044 
0.248 0.513 0.043 
0.249 0.513 0.043 
0.250 0.513 0.042 
0.251 0.513 0.041 
0.251 0.513 0.041 
0.252 0.514 0.040 
0.253 0.514 0.040 
0.253 0.514 0.039 
0.254 0.514 0.038 
0.255 0.514 0.038 
0.256 0.514 0.037 
0.257 0.514 0.036 
0.258 0.514 0.036 
0.258 0.514 0.035 
0.259 0.514 0.035 
0.260 0.514 0.034 
0.260 0.514 0.034 
0.261 0.514 0.033 
0.262 0.514 0.032 
0.263 0.514 0.032 
0.263 0.514 0.031 
0.264 0.514 0.031 
0.265 0.514 0.030 
0.266 0.514 0.029 
0.267 0.514 0.029 
0.267 0.514 0.028 
0.268 0.514 0.028 
0.269 0.513 0.027 
0.269 0.513 0.027 
0.270 0.513 0.026 
0.271 0.513 0.026 
0.272 0.513 0.025 
0.273 0.513 0.025 
0.273 0.513 0.024 
0.274 0.512 0.023 
0.275 0.512 0.023 
0.276 0.512 0.022 
0.277 0.512 0.022 
0.277 0.512 0.021 
0.278 0.511 0.021 
0.279 0.511 0.020 
0.280 0.511 0.020 
0.280 0.510 0.019 
0.281 0.510 0.019 
0.282 0.510 0.018 
0.283 0.509 0.018 
0.284 0.509 0.017 
0.285 0.509 0.017 
0.285 0.508 0.017 
0.286 0.508 0.016 
0.287 0.508 0.016 
0.288 0.507 0.015 
0.289 0.507 0.015 
0.289 0.506 0.014 
0.290 0.506 0.014 
0.291 0.505 0.014 
0.292 0.505 0.013 
0.293 0.504 0.013 
0.294 0.504 0.012 
0.295 0.503 0.012 
0.296 0.503 0.012 
0.296 0.502 0.011 
0.297 0.502 0.011 
0.298 0.501 0.011 
0.299 0.501 0.010 
0.300 0.500 0.010 
0.302 0.499 0.009 
0.303 0.497 0.009 
0.305 0.496 0.008 
0.306 0.495 0.008 
0.308 0.494 0.007 
0.309 0.493 0.007 
0.311 0.492 0.006 
0.312 0.490 0.006 
0.313 0.489 0.006 
0.315 0.488 0.005 
0.317 0.486 0.005 
0.318 0.484 0.005 
0.319 0.483 0.004 
0.320 0.482 0.004 
0.322 0.480 0.004 
0.323 0.479 0.004 
0.324 0.478 0.003 
0.325 0.476 0.003 
0.326 0.475 0.003 
0.327 0.473 0.003 
0.328 0.472 0.003 
0.329 0.470 0.003 
0.330 0.468 0.003 
0.331 0.467 0.003 
0.332 0.465 0.003 
0.333 0.464 0.003 
0.334 0.462 0.003 
0.334 0.461 0.003 
0.335 0.459 0.003 
0.336 0.458 0.003 
0.337 0.456 0.003 
0.337 0.455 0.003 
0.338 0.453 0.003 
0.339 0.451 0.003 
0.340 0.449 0.003 
0.340 0.448 0.003 
0.341 0.446 0.004 
0.342 0.444 0.004 
0.342 0.443 0.004 
0.343 0.441 0.004 
0.343 0.440 0.004 
0.344 0.438 0.005 
0.344 0.436 0.005 
0.345 0.434 0.005 
0.346 0.432 0.005 
0.346 0.431 0.006 
0.347 0.429 0.006 
0.347 0.427 0.006 
0.348 0.426 0.007 
0.348 0.424 0.007 
0.348 0.422 0.007 
0.349 0.421 0.008 
0.349 0.419 0.008 
0.350 0.417 0.008 
0.350 0.415 0.009 
0.351 0.413 0.009 
0.351 0.411 0.009 
0.352 0.409 0.010 
0.352 0.408 0.010 
0.353 0.406 0.011 
0.353 0.404 0.011 
0.353 0.403 0.011 
0.354 0.401 0.012 
0.354 0.399 0.012 
0.355 0.397 0.013 
0.355 0.395 0.013 
0.356 0.393 0.014 
0.356 0.391 0.014 
0.356 0.390 0.014 
0.357 0.388 0.015 
0.357 0.386 0.015 
0.358 0.384 0.016 
0.358 0.383 0.016 
0.358 0.381 0.016 
0.359 0.379 0.017 
0.359 0.377 0.017 
0.360 0.375 0.018 
0.361 0.373 0.018 
0.361 0.371 0.019 
0.362 0.370 0.019 
0.362 0.368 0.020 
0.363 0.366 0.020 
0.363 0.365 0.020 
0.364 0.363 0.021 
0.364 0.361 0.021 
0.365 0.359 0.022 
0.365 0.358 0.022 
0.366 0.356 0.022 
0.367 0.354 0.023 
0.368 0.352 0.023 
0.368 0.350 0.024 
0.369 0.348 0.024 
0.370 0.347 0.024 
0.370 0.345 0.025 
0.371 0.343 0.025 
0.372 0.342 0.025 
0.372 0.340 0.026 
0.373 0.338 0.026 
0.374 0.336 0.026 
0.375 0.334 0.027 
0.376 0.332 0.027 
0.377 0.331 0.027 
0.378 0.329 0.027 
0.379 0.327 0.028 
0.380 0.326 0.028 
0.381 0.324 0.028 
0.382 0.323 0.028 
0.383 0.321 0.029 
0.384 0.319 0.029 
0.385 0.318 0.029 
0.387 0.316 0.029 
0.388 0.314 0.029 
0.389 0.312 0.029 
0.390 0.311 0.030 
0.392 0.309 0.030 
0.393 0.308 0.030 
0.394 0.306 0.030 
0.395 0.305 0.030 
0.397 0.303 0.030 
0.398 0.302 0.030 
0.400 0.300 0.030 
0.401 0.299 0.030 
0.402 0.298 0.030 
0.402 0.298 0.030 
0.403 0.297 0.030 
0.404 0.296 0.030 
0.404 0.296 0.030 
0.405 0.295 0.030 
0.406 0.294 0.030 
0.407 0.294 0.030 
0.408 0.293 0.030 
0.409 0.292 0.030 
0.409 0.292 0.030 
0.410 0.291 0.029 
0.411 0.291 0.029 
0.412 0.290 0.029 
0.412 0.289 0.029 
0.413 0.289 0.029 
0.414 0.288 0.029 
0.415 0.288 0.029 
0.415 0.287 0.029 
0.416 0.287 0.029 
0.417 0.286 0.029 
0.418 0.286 0.028 
0.419 0.285 0.028 
0.420 0.285 0.028 
0.420 0.284 0.028 
0.421 0.284 0.028 
0.422 0.284 0.028 
0.423 0.283 0.028 
0.423 0.283 0.028 
0.424 0.282 0.027 
0.425 0.282 0.027 
0.426 0.282 0.027 
0.427 0.281 0.027 
0.428 0.281 0.027 
0.428 0.280 0.027 
0.429 0.280 0.026 
0.430 0.280 0.026 
0.431 0.279 0.026 
0.431 0.279 0.026 
0.432 0.279 0.026 
0.433 0.278 0.026 
0.434 0.278 0.025 
0.435 0.278 0.025 
0.436 0.277 0.025 
0.437 0.277 0.025 
0.437 0.277 0.025 
0.438 0.276 0.025 
0.439 0.276 0.024 
0.440 0.276 0.024 
0.440 0.275 0.024 
0.441 0.275 0.024 
0.442 0.275 0.024 
0.443 0.275 0.024 
0.444 0.274 0.023 
0.445 0.274 0.023 
0.446 0.274 0.023 
0.446 0.273 0.023 
0.447 0.273 0.023 
0.448 0.273 0.022 
0.449 0.273 0.022 
0.450 0.272 0.022 
0.450 0.272 0.022 
0.451 0.272 0.022 
0.452 0.272 0.022 
0.453 0.271 0.022 
0.454 0.271 0.021 
0.455 0.271 0.021 
0.456 0.270 0.021 
0.456 0.270 0.021 
0.457 0.270 0.021 
0.458 0.270 0.021 
0.459 0.269 0.020 
0.460 0.269 0.020 
0.460 0.269 0.020 
0.461 0.269 0.020 
0.462 0.268 0.020 
0.463 0.268 0.020 
0.464 0.268 0.020 
0.465 0.267 0.020 
0.466 0.267 0.019 
0.466 0.267 0.019 
0.467 0.267 0.019 
0.468 0.266 0.019 
0.469 0.266 0.019 
0.470 0.266 0.019 
0.471 0.265 0.019 
0.472 0.265 0.019 
0.472 0.265 0.019 
0.473 0.264 0.019 
0.474 0.264 0.019 
0.475 0.264 0.019 
0.476 0.263 0.019 
0.477 0.263 0.018 
0.477 0.263 0.018 
0.478 0.262 0.018 
0.479 0.262 0.018 
0.480 0.261 0.018 
0.481 0.261 0.018 
0.482 0.261 0.018 
0.483 0.260 0.018 
0.484 0.260 0.018 
0.485 0.259 0.018 
0.485 0.259 0.018 
0.486 0.258 0.018 
0.487 0.258 0.018 
0.488 0.258 0.018 
0.489 0.257 0.019 
0.489 0.257 0.019 
0.490 0.256 0.019 
0.491 0.256 0.019 
0.492 0.255 0.019 
0.493 0.254 0.019 
0.494 0.254 0.019 
0.495 0.253 0.019 
0.496 0.253 0.019 
0.497 0.252 0.019 
0.497 0.252 0.020 
0.498 0.251 0.020 
0.499 0.251 0.020 
0.500 0.250 0.020 
0.501 0.249 0.020 
0.503 0.248 0.021 
0.504 0.247 0.021 
0.505 0.246 0.021 
0.506 0.246 0.021 
0.507 0.245 0.021 
0.508 0.244 0.022 
0.509 0.243 0.022 
0.510 0.242 0.022 
0.511 0.241 0.023 
0.512 0.240 0.023 
0.513 0.239 0.023 
0.514 0.238 0.024 
0.515 0.237 0.024 
0.516 0.236 0.024 
0.517 0.235 0.025 
0.518 0.234 0.025 
0.518 0.233 0.025 
0.519 0.232 0.026 
0.520 0.230 0.026 
0.521 0.229 0.026 
0.522 0.228 0.027 
0.523 0.227 0.027 
0.524 0.226 0.028 
0.524 0.225 0.028 
0.525 0.224 0.028 
0.526 0.222 0.029 
0.527 0.221 0.029 
0.527 0.220 0.030 
0.528 0.219 0.030 
0.529 0.218 0.030 
0.529 0.217 0.031 
0.530 0.216 0.031 
0.531 0.214 0.032 
0.532 0.213 0.032 
0.532 0.212 0.033 
0.533 0.211 0.033 
0.534 0.210 0.034 
0.534 0.209 0.034 
0.535 0.208 0.034 
0.535 0.206 0.035 
0.536 0.205 0.035 
0.537 0.204 0.036 
0.538 0.203 0.036 
0.538 0.201 0.037 
0.539 0.200 0.037 
0.539 0.199 0.038 
0.540 0.198 0.038 
0.541 0.197 0.039 
0.541 0.196 0.039 
0.542 0.195 0.040 
0.542 0.194 0.040 
0.543 0.193 0.041 
0.544 0.191 0.041 
0.544 0.190 0.042 
0.545 0.189 0.043 
0.546 0.188 0.043 
0.546 0.187 0.044 
0.547 0.186 0.044 
0.547 0.185 0.045 
0.548 0.184 0.045 
0.548 0.183 0.046 
0.549 0.182 0.046 
0.549 0.181 0.047 
0.550 0.180 0.047 
0.551 0.178 0.048 
0.552 0.177 0.049 
0.552 0.176 0.049 
0.553 0.175 0.050 
0.553 0.174 0.050 
0.554 0.173 0.051 
0.555 0.172 0.051 
0.555 0.172 0.052 
0.556 0.171 0.052 
0.556 0.170 0.053 
0.557 0.169 0.054 
0.558 0.168 0.054 
0.559 0.167 0.055 
0.559 0.166 0.055 
0.560 0.165 0.056 
0.561 0.164 0.057 
0.561 0.164 0.057 
0.562 0.163 0.058 
0.563 0.162 0.058 
0.563 0.161 0.059 
0.564 0.161 0.059 
0.565 0.160 0.060 
0.566 0.159 0.061 
0.567 0.158 0.061 
0.568 0.158 0.062 
0.568 0.157 0.063 
0.569 0.157 0.063 
0.570 0.156 0.064 
0.571 0.155 0.064 
0.571 0.155 0.065 
0.572 0.154 0.065 
0.573 0.154 0.066 
0.574 0.153 0.067 
0.575 0.153 0.067 
0.576 0.153 0.068 
0.577 0.152 0.069 
0.578 0.152 0.069 
0.579 0.151 0.070 
0.580 0.151 0.070 
0.581 0.151 0.071 
0.582 0.151 0.071 
0.583 0.150 0.072 
0.584 0.150 0.072 
0.585 0.150 0.073 
0.586 0.150 0.074 
0.588 0.150 0.074 
0.589 0.149 0.075 
0.590 0.149 0.076 
0.591 0.149 0.076 
0.593 0.149 0.077 
0.594 0.149 0.077 
0.595 0.149 0.078 
0.596 0.149 0.078 
0.597 0.150 0.079 
0.599 0.150 0.079 
0.600 0.150 0.080 
0.602 0.150 0.081 
0.603 0.151 0.081 
0.605 0.151 0.082 
0.606 0.151 0.083 
0.607 0.152 0.083 
0.609 0.152 0.084 
0.610 0.152 0.084 
0.611 0.153 0.085 
0.613 0.153 0.085 
0.614 0.154 0.086 
0.616 0.155 0.086 
0.617 0.156 0.087 
0.618 0.156 0.087 
0.619 0.157 0.088 
0.620 0.158 0.088 
0.621 0.158 0.088 
0.622 0.159 0.089 
0.623 0.160 0.089 
0.624 0.161 0.089 
0.625 0.162 0.090 
0.626 0.163 0.090 
0.627 0.164 0.090 
0.628 0.165 0.091 
0.629 0.166 0.091 
0.630 0.167 0.091 
0.631 0.168 0.092 
0.632 0.169 0.092 
0.633 0.170 0.092 
0.633 0.171 0.092 
0.634 0.172 0.092 
0.635 0.174 0.093 
0.636 0.175 0.093 
0.636 0.176 0.093 
0.637 0.178 0.093 
0.638 0.179 0.093 
0.639 0.180 0.094 
0.639 0.181 0.094 
0.640 0.183 0.094 
0.640 0.184 0.094 
0.641 0.185 0.094 
0.642 0.187 0.094 
0.642 0.188 0.094 
0.643 0.189 0.094 
0.643 0.191 0.094 
0.644 0.193 0.094 
0.645 0.194 0.095 
0.645 0.196 0.095 
0.646 0.197 0.095 
0.646 0.198 0.095 
0.646 0.200 0.095 
0.647 0.201 0.095 
0.647 0.203 0.095 
0.648 0.204 0.095 
0.648 0.206 0.095 
0.649 0.207 0.095 
0.649 0.209 0.095 
0.650 0.211 0.095 
0.650 0.212 0.095 
0.651 0.214 0.095 
0.651 0.215 0.095 
0.652 0.217 0.095 
0.652 0.218 0.095 
0.653 0.220 0.095 
0.653 0.221 0.095 
0.653 0.223 0.095 
0.654 0.225 0.095 
0.655 0.227 0.095 
0.655 0.228 0.095 
0.655 0.230 0.095 
0.656 0.232 0.095 
0.656 0.233 0.095 
0.657 0.235 0.095 
0.657 0.236 0.095 
0.658 0.238 0.095 
0.658 0.239 0.095 
0.659 0.241 0.095 
0.659 0.243 0.095 
0.660 0.244 0.095 
0.661 0.246 0.095 
0.661 0.248 0.095 
0.662 0.249 0.095 
0.662 0.251 0.095 
0.663 0.252 0.095 
0.663 0.253 0.095 
0.664 0.255 0.095 
0.664 0.256 0.095 
0.665 0.258 0.095 
0.666 0.260 0.095 
0.667 0.261 0.095 
0.667 0.263 0.095 
0.668 0.265 0.095 
0.669 0.266 0.095 
0.669 0.267 0.095 
0.670 0.269 0.095 
0.671 0.270 0.095 
0.672 0.271 0.095 
0.672 0.273 0.095 
0.673 0.274 0.095 
0.674 0.276 0.095 
0.675 0.277 0.095 
0.676 0.278 0.096 
0.677 0.280 0.096 
0.678 0.281 0.096 
0.679 0.282 0.096 
0.680 0.283 0.096 
0.681 0.285 0.096 
0.682 0.286 0.096 
0.683 0.287 0.097 
0.684 0.288 0.097 
0.685 0.289 0.097 
0.687 0.291 0.097 
0.688 0.292 0.097 
0.689 0.293 0.098 
0.691 0.294 0.098 
0.692 0.295 0.098 
0.693 0.296 0.098 
0.694 0.296 0.099 
0.696 0.297 0.099 
0.697 0.298 0.099 
0.698 0.299 0.100 
0.700 0.300 0.100 
0.701 0.301 0.100 
0.702 0.301 0.100 
0.703 0.301 0.101 
0.703 0.302 0.101 
0.704 0.302 0.101 
0.705 0.303 0.101 
0.706 0.303 0.101 
0.707 0.303 0.102 
0.707 0.304 0.102 
0.708 0.304 0.102 
0.709 0.304 0.102 
0.710 0.305 0.102 
0.711 0.305 0.103 
0.712 0.305 0.103 
0.713 0.305 0.103 
0.713 0.306 0.103 
0.714 0.306 0.103 
0.715 0.306 0.103 
0.716 0.306 0.104 
0.716 0.306 0.104 
0.717 0.307 0.104 
0.718 0.307 0.104 
0.719 0.307 0.105 
0.720 0.307 0.105 
0.721 0.307 0.105 
0.721 0.308 0.105 
0.722 0.308 0.105 
0.723 0.308 0.105 
0.724 0.308 0.106 
0.724 0.308 0.106 
0.725 0.308 0.106 
0.726 0.308 0.106 
0.727 0.308 0.106 
0.728 0.308 0.107 
0.729 0.308 0.107 
0.729 0.308 0.107 
0.730 0.308 0.107 
0.731 0.308 0.107 
0.732 0.308 0.108 
0.732 0.308 0.108 
0.733 0.308 0.108 
0.734 0.308 0.108 
0.735 0.308 0.108 
0.736 0.308 0.109 
0.736 0.308 0.109 
0.737 0.308 0.109 
0.738 0.308 0.109 
0.739 0.308 0.109 
0.739 0.308 0.110 
0.740 0.308 0.110 
0.741 0.308 0.110 
0.742 0.308 0.110 
0.742 0.308 0.110 
0.743 0.308 0.111 
0.744 0.308 0.111 
0.745 0.308 0.111 
0.746 0.307 0.111 
0.747 0.307 0.111 
0.747 0.307 0.112 
0.748 0.307 0.112 
0.749 0.307 0.112 
0.749 0.307 0.112 
0.750 0.307 0.112 
0.751 0.307 0.113 
0.752 0.307 0.113 
0.753 0.306 0.113 
0.754 0.306 0.113 
0.754 0.306 0.113 
0.755 0.306 0.114 
0.756 0.306 0.114 
0.757 0.306 0.114 
0.757 0.306 0.114 
0.758 0.305 0.114 
0.759 0.305 0.115 
0.760 0.305 0.115 
0.761 0.305 0.115 
0.761 0.305 0.115 
0.762 0.305 0.115 
0.763 0.304 0.116 
0.764 0.304 0.116 
0.765 0.304 0.116 
0.766 0.304 0.116 
0.766 0.304 0.116 
0.767 0.304 0.117 
0.768 0.304 0.117 
0.769 0.303 0.117 
0.770 0.303 0.117 
0.770 0.303 0.118 
0.771 0.303 0.118 
0.772 0.303 0.118 
0.773 0.303 0.118 
0.774 0.302 0.118 
0.775 0.302 0.119 
0.776 0.302 0.119 
0.776 0.302 0.119 
0.777 0.302 0.119 
0.778 0.302 0.119 
0.779 0.302 0.120 
0.780 0.302 0.120 
0.781 0.301 0.120 
0.782 0.301 0.120 
0.783 0.301 0.121 
0.784 0.301 0.121 
0.784 0.301 0.121 
0.785 0.301 0.121 
0.786 0.301 0.121 
0.787 0.301 0.122 
0.788 0.301 0.122 
0.789 0.301 0.122 
0.790 0.300 0.122 
0.791 0.300 0.123 
0.792 0.300 0.123 
0.793 0.300 0.123 
0.794 0.300 0.123 
0.794 0.300 0.124 
0.795 0.300 0.124 
0.796 0.300 0.124 
0.797 0.300 0.124 
0.798 0.300 0.124 
0.799 0.300 0.125 
0.800 0.300 0.125 
