0.000 0.250 0.025 
0.001 0.251 0.025 
0.002 0.252 0.026 
0.003 0.253 0.026 
0.004 0.254 0.027 
0.005 0.255 0.027 
0.005 0.256 0.028 
0.006 0.256 0.028 
0.007 0.257 0.028 
0.008 0.258 0.029 
0.009 0.259 0.029 
0.010 0.260 0.030 
0.011 0.261 0.030 
0.012 0.262 0.031 
0.013 0.263 0.031 
0.014 0.264 0.032 
0.014 0.265 0.032 
0.015 0.266 0.032 
0.016 0.267 0.033 
0.017 0.267 0.033 
0.017 0.268 0.034 
0.018 0.269 0.034 
0.019 0.270 0.035 
0.020 0.271 0.035 
0.021 0.272 0.035 
0.022 0.273 0.036 
0.022 0.274 0.036 
0.023 0.275 0.037 
0.024 0.275 0.037 
0.024 0.276 0.037 
0.025 0.277 0.038 
0.026 0.278 0.038 
0.027 0.279 0.039 
0.028 0.280 0.039 
0.028 0.281 0.040 
0.029 0.282 0.040 
0.030 0.282 0.040 
0.031 0.283 0.041 
0.031 0.284 0.041 
0.032 0.285 0.042 
0.033 0.285 0.042 
0.033 0.286 0.042 
0.034 0.287 0.043 
0.035 0.288 0.043 
0.036 0.289 0.044 
0.036 0.290 0.044 
0.037 0.291 0.045 
0.038 0.291 0.045 
0.038 0.292 0.045 
0.039 0.293 0.046 
0.040 0.294 0.046 
0.040 0.295 0.046 
0.041 0.295 0.047 
0.042 0.296 0.047 
0.043 0.297 0.048 
0.043 0.298 0.048 
0.044 0.299 0.049 
0.045 0.300 0.049 
0.046 0.300 0.049 
0.046 0.301 0.050 
0.047 0.302 0.050 
0.048 0.303 0.050 
0.048 0.303 0.051 
0.049 0.304 0.051 
0.050 0.305 0.052 
0.050 0.306 0.052 
0.051 0.307 0.052 
0.052 0.307 0.053 
0.053 0.308 0.053 
0.053 0.309 0.054 
0.054 0.310 0.054 
0.055 0.311 0.054 
0.056 0.311 0.055 
0.056 0.312 0.055 
0.057 0.313 0.055 
0.058 0.313 0.056 
0.058 0.314 0.056 
0.059 0.315 0.056 
0.060 0.316 0.057 
0.061 0.317 0.057 
0.062 0.318 0.058 
0.063 0.318 0.058 
0.063 0.319 0.058 
0.064 0.320 0.058 
0.065 0.321 0.059 
0.065 0.321 0.059 
0.066 0.322 0.059 
0.067 0.323 0.060 
0.068 0.324 0.060 
0.069 0.325 0.061 
0.070 0.325 0.061 
0.071 0.326 0.061 
0.072 0.327 0.062 
0.072 0.328 0.062 
0.073 0.328 0.062 
0.074 0.329 0.062 
0.075 0.330 0.063 
0.076 0.331 0.063 
0.077 0.331 0.063 
0.078 0.332 0.064 
0.079 0.333 0.064 
0.080 0.334 0.064 
0.081 0.335 0.065 
0.081 0.336 0.065 
0.082 0.336 0.065 
0.083 0.337 0.066 
0.084 0.338 0.066 
0.085 0.339 0.066 
0.086 0.339 0.066 
0.087 0.340 0.067 
0.088 0.341 0.067 
0.089 0.342 0.067 
0.090 0.343 0.068 
0.091 0.344 0.068 
0.093 0.344 0.068 
0.094 0.345 0.068 
0.094 0.346 0.069 
0.096 0.347 0.069 
0.097 0.347 0.069 
0.098 0.348 0.069 
0.099 0.349 0.070 
0.100 0.350 0.070 
0.101 0.351 0.070 
0.102 0.351 0.070 
0.103 0.352 0.071 
0.103 0.353 0.071 
0.104 0.353 0.071 
0.105 0.354 0.071 
0.106 0.354 0.071 
0.107 0.355 0.071 
0.107 0.355 0.072 
0.108 0.356 0.072 
0.109 0.357 0.072 
0.110 0.357 0.072 
0.111 0.358 0.072 
0.112 0.359 0.072 
0.113 0.359 0.073 
0.113 0.360 0.073 
0.114 0.360 0.073 
0.115 0.361 0.073 
0.115 0.362 0.073 
0.116 0.362 0.073 
0.117 0.363 0.073 
0.118 0.363 0.074 
0.119 0.364 0.074 
0.120 0.365 0.074 
0.120 0.365 0.074 
0.121 0.366 0.074 
0.122 0.366 0.074 
0.122 0.367 0.074 
0.123 0.368 0.074 
0.124 0.368 0.075 
0.125 0.369 0.075 
0.125 0.369 0.075 
0.126 0.370 0.075 
0.127 0.371 0.075 
0.128 0.371 0.075 
0.129 0.372 0.075 
0.129 0.372 0.075 
0.130 0.373 0.075 
0.131 0.373 0.076 
0.131 0.374 0.076 
0.132 0.374 0.076 
0.133 0.375 0.076 
0.134 0.375 0.076 
0.135 0.376 0.076 
0.135 0.377 0.076 
0.136 0.377 0.076 
0.137 0.378 0.076 
0.138 0.378 0.076 
0.138 0.379 0.076 
0.139 0.379 0.076 
0.140 0.380 0.077 
0.140 0.380 0.077 
0.141 0.381 0.077 
0.142 0.381 0.077 
0.143 0.382 0.077 
0.144 0.382 0.077 
0.144 0.383 0.077 
0.145 0.383 0.077 
0.146 0.384 0.077 
0.146 0.384 0.077 
0.147 0.384 0.077 
0.148 0.385 0.077 
0.149 0.385 0.077 
0.149 0.386 0.077 
0.150 0.386 0.077 
0.151 0.387 0.077 
0.152 0.387 0.077 
0.153 0.388 0.077 
0.153 0.388 0.077 
0.154 0.389 0.077 
0.155 0.389 0.077 
0.156 0.389 0.077 
0.156 0.390 0.077 
0.157 0.390 0.077 
0.158 0.390 0.077 
0.159 0.391 0.077 
0.160 0.391 0.077 
0.160 0.392 0.077 
0.161 0.392 0.077 
0.162 0.392 0.077 
0.163 0.393 0.077 
0.164 0.393 0.077 
0.164 0.393 0.077 
0.165 0.394 0.077 
0.166 0.394 0.077 
0.167 0.394 0.077 
0.168 0.394 0.077 
0.169 0.395 0.077 
0.170 0.395 0.077 
0.170 0.395 0.077 
0.171 0.396 0.077 
0.172 0.396 0.077 
0.173 0.396 0.077 
0.174 0.396 0.077 
0.175 0.397 0.077 
0.175 0.397 0.077 
0.176 0.397 0.077 
0.177 0.397 0.077 
0.178 0.398 0.077 
0.179 0.398 0.077 
0.180 0.398 0.077 
0.181 0.398 0.077 
0.182 0.398 0.077 
0.183 0.399 0.076 
0.184 0.399 0.076 
0.185 0.399 0.076 
0.186 0.399 0.076 
0.187 0.399 0.076 
0.188 0.399 0.076 
0.189 0.399 0.076 
0.190 0.399 0.076 
0.191 0.400 0.076 
0.192 0.400 0.076 
0.193 0.400 0.076 
0.194 0.400 0.076 
0.195 0.400 0.076 
0.196 0.400 0.075 
0.197 0.400 0.075 
0.198 0.400 0.075 
0.199 0.400 0.075 
0.200 0.400 0.075 
0.201 0.400 0.075 
0.202 0.400 0.075 
0.203 0.400 0.075 
0.204 0.400 0.074 
0.205 0.400 0.074 
0.206 0.400 0.074 
0.207 0.400 0.074 
0.208 0.400 0.074 
0.209 0.400 0.074 
0.210 0.399 0.074 
0.211 0.399 0.073 
0.213 0.399 0.073 
0.214 0.399 0.073 
0.214 0.399 0.073 
0.215 0.399 0.073 
0.216 0.399 0.072 
0.217 0.398 0.072 
0.218 0.398 0.072 
0.219 0.398 0.072 
0.220 0.398 0.072 
0.221 0.398 0.071 
0.222 0.397 0.071 
0.223 0.397 0.071 
0.224 0.397 0.070 
0.224 0.397 0.070 
0.225 0.396 0.070 
0.226 0.396 0.070 
0.227 0.396 0.070 
0.228 0.396 0.069 
0.228 0.395 0.069 
0.229 0.395 0.069 
0.230 0.395 0.068 
0.231 0.394 0.068 
0.232 0.394 0.068 
0.233 0.393 0.067 
0.234 0.393 0.067 
0.234 0.393 0.067 
0.235 0.392 0.067 
0.236 0.392 0.066 
0.236 0.392 0.066 
0.237 0.391 0.066 
0.238 0.391 0.066 
0.239 0.391 0.065 
0.240 0.390 0.065 
0.240 0.390 0.065 
0.241 0.389 0.064 
0.242 0.389 0.064 
0.243 0.388 0.064 
0.243 0.388 0.063 
0.244 0.388 0.063 
0.245 0.387 0.063 
0.245 0.387 0.062 
0.246 0.386 0.062 
0.247 0.386 0.062 
0.248 0.385 0.061 
0.249 0.385 0.061 
0.249 0.384 0.061 
0.250 0.384 0.061 
0.251 0.383 0.060 
0.251 0.383 0.060 
0.252 0.382 0.060 
0.253 0.382 0.059 
0.253 0.381 0.059 
0.254 0.381 0.059 
0.255 0.380 0.059 
0.256 0.380 0.058 
0.256 0.379 0.058 
0.257 0.379 0.058 
0.258 0.378 0.057 
0.259 0.378 0.057 
0.259 0.377 0.057 
0.260 0.377 0.057 
0.261 0.376 0.056 
0.261 0.376 0.056 
0.262 0.375 0.056 
0.263 0.375 0.055 
0.264 0.374 0.055 
0.264 0.373 0.055 
0.265 0.373 0.055 
0.266 0.372 0.054 
0.267 0.372 0.054 
0.267 0.371 0.054 
0.268 0.371 0.054 
0.269 0.370 0.054 
0.269 0.370 0.053 
0.270 0.369 0.053 
0.271 0.368 0.053 
0.272 0.368 0.053 
0.273 0.367 0.052 
0.273 0.367 0.052 
0.274 0.366 0.052 
0.275 0.365 0.052 
0.276 0.365 0.052 
0.276 0.364 0.052 
0.277 0.364 0.051 
0.278 0.363 0.051 
0.279 0.363 0.051 
0.279 0.362 0.051 
0.280 0.362 0.051 
0.281 0.361 0.051 
0.282 0.360 0.051 
0.283 0.360 0.050 
0.284 0.359 0.050 
0.285 0.359 0.050 
0.285 0.358 0.050 
0.286 0.358 0.050 
0.287 0.357 0.050 
0.288 0.357 0.050 
0.289 0.356 0.050 
0.290 0.356 0.050 
0.291 0.355 0.050 
0.292 0.354 0.050 
0.293 0.354 0.050 
0.293 0.353 0.050 
0.294 0.353 0.050 
0.295 0.353 0.050 
0.296 0.352 0.050 
0.297 0.352 0.050 
0.298 0.351 0.050 
0.299 0.351 0.050 
0.300 0.350 0.050 
0.301 0.349 0.050 
0.302 0.349 0.050 
0.303 0.348 0.050 
0.304 0.348 0.050 
0.305 0.348 0.050 
0.306 0.347 0.051 
0.307 0.347 0.051 
0.308 0.346 0.051 
0.309 0.346 0.051 
0.310 0.345 0.051 
0.311 0.345 0.051 
0.312 0.344 0.052 
0.313 0.344 0.052 
0.314 0.344 0.052 
0.315 0.343 0.052 
0.316 0.343 0.052 
0.316 0.342 0.053 
0.317 0.342 0.053 
0.318 0.342 0.053 
0.319 0.341 0.053 
0.320 0.341 0.053 
0.321 0.341 0.054 
0.322 0.340 0.054 
0.323 0.340 0.054 
0.324 0.339 0.055 
0.325 0.339 0.055 
0.326 0.339 0.055 
0.326 0.338 0.055 
0.327 0.338 0.056 
0.328 0.338 0.056 
0.329 0.338 0.056 
0.330 0.337 0.057 
0.331 0.337 0.057 
0.332 0.336 0.057 
0.333 0.336 0.058 
0.333 0.336 0.058 
0.334 0.336 0.058 
0.335 0.335 0.059 
0.336 0.335 0.059 
0.336 0.335 0.059 
0.337 0.334 0.060 
0.338 0.334 0.060 
0.339 0.334 0.060 
0.340 0.333 0.061 
0.341 0.333 0.061 
0.342 0.333 0.062 
0.342 0.333 0.062 
0.343 0.332 0.062 
0.344 0.332 0.063 
0.345 0.332 0.063 
0.345 0.331 0.064 
0.346 0.331 0.064 
0.347 0.331 0.064 
0.348 0.331 0.065 
0.349 0.330 0.065 
0.349 0.330 0.066 
0.350 0.330 0.066 
0.351 0.329 0.067 
0.352 0.329 0.067 
0.353 0.329 0.067 
0.353 0.328 0.068 
0.354 0.328 0.068 
0.355 0.328 0.068 
0.355 0.328 0.069 
0.356 0.327 0.069 
0.357 0.327 0.070 
0.358 0.327 0.070 
0.359 0.326 0.071 
0.360 0.326 0.071 
0.360 0.326 0.072 
0.361 0.325 0.072 
0.362 0.325 0.072 
0.362 0.325 0.073 
0.363 0.324 0.073 
0.364 0.324 0.074 
0.365 0.324 0.074 
0.365 0.323 0.075 
0.366 0.323 0.075 
0.367 0.322 0.075 
0.368 0.322 0.076 
0.369 0.322 0.076 
0.369 0.321 0.077 
0.370 0.321 0.077 
0.371 0.321 0.077 
0.371 0.320 0.078 
0.372 0.320 0.078 
0.373 0.319 0.079 
0.374 0.319 0.079 
0.375 0.318 0.080 
0.376 0.318 0.080 
0.376 0.317 0.080 
0.377 0.317 0.081 
0.378 0.317 0.081 
0.378 0.316 0.081 
0.379 0.316 0.082 
0.380 0.315 0.082 
0.381 0.315 0.082 
0.381 0.314 0.083 
0.382 0.314 0.083 
0.383 0.313 0.084 
0.384 0.313 0.084 
0.385 0.312 0.084 
0.386 0.312 0.085 
0.386 0.311 0.085 
0.387 0.310 0.085 
0.388 0.310 0.086 
0.389 0.309 0.086 
0.389 0.309 0.086 
0.390 0.308 0.087 
0.391 0.308 0.087 
0.392 0.307 0.087 
0.393 0.306 0.088 
0.394 0.305 0.088 
0.394 0.305 0.088 
0.395 0.304 0.089 
0.396 0.304 0.089 
0.397 0.303 0.089 
0.397 0.302 0.089 
0.398 0.302 0.089 
0.399 0.301 0.090 
0.400 0.300 0.090 
0.401 0.299 0.090 
0.403 0.298 0.091 
0.404 0.296 0.091 
0.405 0.295 0.091 
0.406 0.294 0.092 
0.407 0.293 0.092 
0.408 0.292 0.092 
0.409 0.291 0.092 
0.410 0.290 0.093 
0.411 0.288 0.093 
0.413 0.287 0.093 
0.414 0.286 0.093 
0.415 0.284 0.094 
0.416 0.283 0.094 
0.417 0.282 0.094 
0.417 0.281 0.094 
0.418 0.279 0.094 
0.419 0.278 0.094 
0.420 0.277 0.094 
0.421 0.276 0.095 
0.422 0.274 0.095 
0.423 0.273 0.095 
0.424 0.271 0.095 
0.424 0.270 0.095 
0.425 0.269 0.095 
0.426 0.267 0.095 
0.427 0.266 0.095 
0.427 0.265 0.095 
0.428 0.264 0.095 
0.429 0.262 0.095 
0.429 0.261 0.095 
0.430 0.260 0.095 
0.431 0.258 0.095 
0.432 0.257 0.095 
0.432 0.255 0.095 
0.433 0.254 0.095 
0.434 0.253 0.095 
0.434 0.251 0.095 
0.435 0.250 0.095 
0.435 0.249 0.095 
0.436 0.247 0.095 
0.436 0.246 0.095 
0.437 0.245 0.095 
0.438 0.243 0.095 
0.438 0.241 0.095 
0.439 0.240 0.095 
0.440 0.239 0.095 
0.440 0.237 0.095 
0.441 0.236 0.095 
0.441 0.235 0.095 
0.442 0.234 0.095 
0.442 0.232 0.095 
0.443 0.231 0.095 
0.443 0.229 0.094 
0.444 0.228 0.094 
0.445 0.226 0.094 
0.445 0.225 0.094 
0.446 0.223 0.094 
0.446 0.222 0.094 
0.447 0.221 0.094 
0.447 0.220 0.094 
0.448 0.218 0.094 
0.448 0.217 0.094 
0.449 0.216 0.094 
0.449 0.214 0.094 
0.450 0.213 0.094 
0.451 0.211 0.094 
0.451 0.210 0.093 
0.452 0.209 0.093 
0.452 0.207 0.093 
0.453 0.206 0.093 
0.453 0.205 0.093 
0.454 0.204 0.093 
0.455 0.202 0.093 
0.455 0.201 0.093 
0.456 0.200 0.093 
0.457 0.198 0.093 
0.457 0.197 0.093 
0.458 0.195 0.093 
0.459 0.194 0.093 
0.459 0.193 0.093 
0.460 0.192 0.093 
0.461 0.191 0.093 
0.461 0.189 0.093 
0.462 0.188 0.093 
0.463 0.187 0.093 
0.463 0.186 0.093 
0.464 0.184 0.093 
0.465 0.183 0.093 
0.466 0.182 0.093 
0.467 0.181 0.093 
0.468 0.179 0.093 
0.468 0.178 0.093 
0.469 0.177 0.093 
0.470 0.176 0.094 
0.471 0.175 0.094 
0.472 0.174 0.094 
0.473 0.173 0.094 
0.474 0.172 0.094 
0.475 0.170 0.094 
0.476 0.169 0.094 
0.477 0.168 0.095 
0.478 0.167 0.095 
0.479 0.166 0.095 
0.480 0.165 0.095 
0.481 0.164 0.095 
0.482 0.163 0.095 
0.483 0.162 0.096 
0.484 0.161 0.096 
0.485 0.160 0.096 
0.487 0.159 0.097 
0.488 0.158 0.097 
0.489 0.157 0.097 
0.491 0.156 0.097 
0.492 0.155 0.098 
0.493 0.154 0.098 
0.494 0.153 0.098 
0.496 0.153 0.099 
0.497 0.152 0.099 
0.498 0.151 0.100 
0.500 0.150 0.100 
0.501 0.149 0.100 
0.502 0.149 0.101 
0.503 0.148 0.101 
0.504 0.148 0.101 
0.504 0.148 0.101 
0.505 0.147 0.102 
0.506 0.147 0.102 
0.507 0.146 0.102 
0.508 0.146 0.102 
0.509 0.146 0.103 
0.509 0.145 0.103 
0.510 0.145 0.103 
0.511 0.144 0.104 
0.512 0.144 0.104 
0.513 0.144 0.104 
0.514 0.143 0.105 
0.514 0.143 0.105 
0.515 0.143 0.105 
0.516 0.142 0.106 
0.517 0.142 0.106 
0.518 0.142 0.106 
0.519 0.141 0.107 
0.519 0.141 0.107 
0.520 0.141 0.108 
0.521 0.141 0.108 
0.522 0.140 0.108 
0.523 0.140 0.109 
0.523 0.140 0.109 
0.524 0.140 0.109 
0.525 0.139 0.110 
0.526 0.139 0.110 
0.527 0.139 0.110 
0.527 0.139 0.111 
0.528 0.138 0.111 
0.529 0.138 0.112 
0.530 0.138 0.112 
0.531 0.138 0.112 
0.531 0.138 0.113 
0.532 0.138 0.113 
0.533 0.138 0.114 
0.534 0.137 0.114 
0.534 0.137 0.114 
0.535 0.137 0.115 
0.536 0.137 0.115 
0.537 0.137 0.116 
0.538 0.137 0.116 
0.539 0.137 0.116 
0.539 0.137 0.117 
0.540 0.137 0.117 
0.541 0.137 0.118 
0.541 0.136 0.118 
0.542 0.136 0.118 
0.543 0.136 0.119 
0.544 0.136 0.119 
0.545 0.136 0.120 
0.546 0.136 0.120 
0.546 0.136 0.120 
0.547 0.136 0.121 
0.548 0.136 0.121 
0.549 0.136 0.122 
0.549 0.136 0.122 
0.550 0.136 0.122 
0.551 0.136 0.123 
0.552 0.136 0.123 
0.552 0.137 0.124 
0.553 0.137 0.124 
0.554 0.137 0.124 
0.555 0.137 0.125 
0.556 0.137 0.125 
0.557 0.137 0.126 
0.557 0.137 0.126 
0.558 0.137 0.126 
0.559 0.137 0.127 
0.559 0.137 0.127 
0.560 0.137 0.127 
0.561 0.138 0.128 
0.562 0.138 0.128 
0.563 0.138 0.129 
0.564 0.138 0.129 
0.565 0.138 0.129 
0.565 0.138 0.130 
0.566 0.138 0.130 
0.567 0.139 0.130 
0.568 0.139 0.131 
0.568 0.139 0.131 
0.569 0.139 0.131 
0.570 0.139 0.132 
0.571 0.140 0.132 
0.572 0.140 0.132 
0.573 0.140 0.133 
0.574 0.140 0.133 
0.574 0.141 0.133 
0.575 0.141 0.134 
0.576 0.141 0.134 
0.577 0.141 0.134 
0.578 0.142 0.134 
0.578 0.142 0.135 
0.579 0.142 0.135 
0.580 0.142 0.135 
0.581 0.143 0.136 
0.582 0.143 0.136 
0.583 0.143 0.136 
0.584 0.144 0.136 
0.585 0.144 0.137 
0.585 0.144 0.137 
0.586 0.144 0.137 
0.587 0.145 0.137 
0.588 0.145 0.138 
0.589 0.145 0.138 
0.590 0.146 0.138 
0.591 0.146 0.138 
0.592 0.147 0.139 
0.593 0.147 0.139 
0.594 0.147 0.139 
0.595 0.148 0.139 
0.595 0.148 0.139 
0.596 0.148 0.139 
0.597 0.149 0.140 
0.598 0.149 0.140 
0.599 0.150 0.140 
0.600 0.150 0.140 
0.601 0.151 0.140 
0.603 0.151 0.140 
0.604 0.152 0.141 
0.605 0.152 0.141 
0.606 0.153 0.141 
0.607 0.154 0.141 
0.608 0.154 0.141 
0.609 0.155 0.141 
0.610 0.156 0.141 
0.611 0.156 0.141 
0.613 0.157 0.142 
0.614 0.158 0.142 
0.615 0.159 0.142 
0.616 0.160 0.142 
0.617 0.160 0.142 
0.618 0.161 0.142 
0.618 0.162 0.142 
0.619 0.163 0.142 
0.620 0.164 0.142 
0.621 0.165 0.142 
0.622 0.166 0.142 
0.623 0.167 0.142 
0.624 0.168 0.142 
0.625 0.169 0.142 
0.626 0.170 0.142 
0.626 0.171 0.142 
0.627 0.171 0.142 
0.628 0.172 0.142 
0.629 0.173 0.142 
0.629 0.174 0.142 
0.630 0.175 0.142 
0.631 0.176 0.142 
0.632 0.178 0.142 
0.632 0.179 0.142 
0.633 0.180 0.142 
0.634 0.181 0.142 
0.635 0.182 0.142 
0.635 0.183 0.142 
0.636 0.184 0.142 
0.636 0.185 0.142 
0.637 0.186 0.142 
0.638 0.187 0.141 
0.638 0.188 0.141 
0.639 0.190 0.141 
0.640 0.191 0.141 
0.640 0.192 0.141 
0.641 0.193 0.141 
0.642 0.194 0.141 
0.642 0.195 0.141 
0.643 0.196 0.140 
0.643 0.197 0.140 
0.644 0.198 0.140 
0.644 0.199 0.140 
0.645 0.201 0.140 
0.646 0.202 0.140 
0.646 0.203 0.139 
0.647 0.204 0.139 
0.648 0.205 0.139 
0.648 0.206 0.139 
0.649 0.207 0.139 
0.649 0.208 0.139 
0.650 0.209 0.138 
0.650 0.210 0.138 
0.651 0.212 0.138 
0.652 0.213 0.138 
0.652 0.214 0.138 
0.653 0.215 0.137 
0.654 0.216 0.137 
0.654 0.217 0.137 
0.655 0.218 0.137 
0.655 0.219 0.136 
0.656 0.220 0.136 
0.656 0.221 0.136 
0.657 0.222 0.136 
0.658 0.223 0.135 
0.658 0.224 0.135 
0.659 0.225 0.135 
0.660 0.226 0.135 
0.661 0.227 0.134 
0.661 0.228 0.134 
0.662 0.229 0.134 
0.662 0.230 0.134 
0.663 0.231 0.133 
0.664 0.231 0.133 
0.664 0.232 0.133 
0.665 0.233 0.132 
0.666 0.234 0.132 
0.667 0.235 0.132 
0.668 0.236 0.131 
0.669 0.237 0.131 
0.669 0.237 0.131 
0.670 0.238 0.130 
0.671 0.239 0.130 
0.672 0.240 0.130 
0.672 0.240 0.130 
0.673 0.241 0.129 
0.674 0.241 0.129 
0.675 0.242 0.129 
0.676 0.243 0.128 
0.677 0.243 0.128 
0.678 0.244 0.127 
0.679 0.245 0.127 
0.680 0.245 0.127 
0.681 0.246 0.126 
0.682 0.246 0.126 
0.683 0.246 0.126 
0.683 0.247 0.125 
0.685 0.247 0.125 
0.686 0.248 0.125 
0.687 0.248 0.124 
0.688 0.248 0.124 
0.689 0.249 0.123 
0.690 0.249 0.123 
0.692 0.249 0.123 
0.693 0.249 0.122 
0.694 0.250 0.122 
0.695 0.250 0.122 
0.696 0.250 0.121 
0.697 0.250 0.121 
0.699 0.250 0.120 
0.700 0.250 0.120 
0.701 0.250 0.120 
0.703 0.250 0.119 
0.704 0.250 0.119 
0.705 0.250 0.118 
0.706 0.250 0.118 
0.708 0.250 0.118 
0.709 0.250 0.117 
0.710 0.249 0.117 
0.711 0.249 0.117 
0.712 0.249 0.116 
0.714 0.249 0.116 
0.715 0.248 0.115 
0.716 0.248 0.115 
0.717 0.248 0.115 
0.718 0.248 0.114 
0.719 0.247 0.114 
0.720 0.247 0.114 
0.721 0.247 0.113 
0.722 0.246 0.113 
0.723 0.246 0.113 
0.724 0.245 0.112 
0.726 0.245 0.112 
0.727 0.244 0.111 
0.728 0.244 0.111 
0.729 0.243 0.111 
0.730 0.243 0.110 
0.730 0.242 0.110 
0.731 0.242 0.110 
0.732 0.241 0.109 
0.733 0.240 0.109 
0.734 0.240 0.109 
0.735 0.239 0.108 
0.736 0.238 0.108 
0.737 0.238 0.108 
0.738 0.237 0.107 
0.738 0.236 0.107 
0.739 0.236 0.107 
0.740 0.235 0.107 
0.741 0.234 0.106 
0.741 0.233 0.106 
0.742 0.233 0.106 
0.743 0.232 0.105 
0.744 0.231 0.105 
0.744 0.230 0.105 
0.745 0.229 0.104 
0.746 0.228 0.104 
0.747 0.227 0.104 
0.748 0.227 0.103 
0.748 0.226 0.103 
0.749 0.225 0.103 
0.750 0.224 0.103 
0.750 0.223 0.102 
0.751 0.222 0.102 
0.752 0.221 0.102 
0.752 0.220 0.101 
0.753 0.219 0.101 
0.754 0.218 0.101 
0.754 0.217 0.100 
0.755 0.216 0.100 
0.756 0.215 0.100 
0.756 0.214 0.100 
0.757 0.213 0.099 
0.758 0.213 0.099 
0.758 0.212 0.099 
0.759 0.210 0.098 
0.760 0.209 0.098 
0.760 0.208 0.098 
0.761 0.207 0.097 
0.762 0.206 0.097 
0.762 0.205 0.097 
0.763 0.204 0.097 
0.763 0.203 0.096 
0.764 0.202 0.096 
0.765 0.201 0.096 
0.765 0.200 0.095 
0.766 0.199 0.095 
0.767 0.197 0.095 
0.767 0.196 0.094 
0.768 0.195 0.094 
0.769 0.194 0.094 
0.769 0.193 0.094 
0.770 0.192 0.093 
0.770 0.191 0.093 
0.771 0.190 0.093 
0.772 0.189 0.092 
0.772 0.188 0.092 
0.773 0.187 0.092 
0.774 0.185 0.091 
0.775 0.184 0.091 
0.775 0.183 0.091 
0.776 0.182 0.090 
0.777 0.181 0.090 
0.777 0.180 0.090 
0.778 0.179 0.089 
0.779 0.178 0.089 
0.779 0.177 0.089 
0.780 0.175 0.089 
0.781 0.174 0.088 
0.781 0.173 0.088 
0.782 0.172 0.087 
0.783 0.171 0.087 
0.784 0.170 0.087 
0.785 0.168 0.086 
0.785 0.167 0.086 
0.786 0.166 0.086 
0.787 0.165 0.086 
0.788 0.164 0.085 
0.788 0.163 0.085 
0.789 0.162 0.084 
0.790 0.161 0.084 
0.791 0.160 0.084 
0.792 0.159 0.083 
0.793 0.158 0.083 
0.794 0.157 0.083 
0.795 0.156 0.082 
0.795 0.155 0.082 
0.796 0.154 0.082 
0.797 0.153 0.081 
0.798 0.152 0.081 
0.799 0.151 0.080 
0.800 0.150 0.080 
