0.000 0.350 0.050 
0.001 0.349 0.050 
0.002 0.349 0.050 
0.003 0.348 0.051 
0.004 0.348 0.051 
0.005 0.348 0.051 
0.006 0.347 0.051 
0.006 0.347 0.051 
0.007 0.346 0.052 
0.008 0.346 0.052 
0.009 0.345 0.052 
0.010 0.345 0.052 
0.011 0.344 0.053 
0.012 0.344 0.053 
0.013 0.343 0.053 
0.014 0.343 0.053 
0.015 0.342 0.054 
0.015 0.342 0.054 
0.016 0.341 0.054 
0.017 0.341 0.054 
0.018 0.340 0.055 
0.019 0.340 0.055 
0.020 0.339 0.055 
0.020 0.339 0.056 
0.021 0.338 0.056 
0.022 0.338 0.056 
0.023 0.337 0.056 
0.024 0.337 0.057 
0.024 0.337 0.057 
0.025 0.336 0.057 
0.026 0.336 0.057 
0.027 0.335 0.058 
0.027 0.335 0.058 
0.028 0.334 0.058 
0.029 0.334 0.059 
0.030 0.333 0.059 
0.031 0.333 0.059 
0.031 0.332 0.060 
0.032 0.332 0.060 
0.033 0.331 0.060 
0.034 0.331 0.060 
0.034 0.331 0.061 
0.035 0.330 0.061 
0.036 0.330 0.061 
0.037 0.329 0.062 
0.037 0.329 0.062 
0.038 0.328 0.062 
0.039 0.328 0.062 
0.040 0.327 0.063 
0.040 0.327 0.063 
0.041 0.326 0.063 
0.042 0.326 0.063 
0.042 0.326 0.064 
0.043 0.325 0.064 
0.044 0.325 0.064 
0.045 0.324 0.065 
0.046 0.324 0.065 
0.046 0.323 0.065 
0.047 0.323 0.065 
0.048 0.322 0.066 
0.048 0.322 0.066 
0.049 0.321 0.066 
0.050 0.321 0.066 
0.051 0.321 0.067 
0.051 0.320 0.067 
0.052 0.320 0.067 
0.053 0.319 0.067 
0.054 0.319 0.068 
0.054 0.318 0.068 
0.055 0.318 0.068 
0.056 0.318 0.068 
0.057 0.317 0.068 
0.057 0.317 0.069 
0.058 0.316 0.069 
0.059 0.316 0.069 
0.059 0.316 0.069 
0.060 0.315 0.069 
0.061 0.315 0.070 
0.062 0.314 0.070 
0.063 0.314 0.070 
0.064 0.314 0.070 
0.064 0.313 0.070 
0.065 0.313 0.070 
0.066 0.312 0.071 
0.067 0.312 0.071 
0.067 0.312 0.071 
0.068 0.311 0.071 
0.069 0.311 0.071 
0.070 0.311 0.071 
0.071 0.310 0.071 
0.072 0.310 0.071 
0.072 0.309 0.071 
0.073 0.309 0.072 
0.074 0.309 0.072 
0.075 0.308 0.072 
0.076 0.308 0.072 
0.076 0.308 0.072 
0.077 0.307 0.072 
0.078 0.307 0.072 
0.079 0.307 0.072 
0.080 0.306 0.072 
0.081 0.306 0.072 
0.082 0.306 0.072 
0.083 0.305 0.072 
0.084 0.305 0.072 
0.084 0.305 0.072 
0.085 0.304 0.072 
0.086 0.304 0.072 
0.087 0.304 0.072 
0.088 0.303 0.072 
0.089 0.303 0.072 
0.090 0.303 0.071 
0.091 0.302 0.071 
0.092 0.302 0.071 
0.093 0.302 0.071 
0.094 0.302 0.071 
0.095 0.301 0.071 
0.096 0.301 0.071 
0.097 0.301 0.071 
0.098 0.301 0.070 
0.099 0.300 0.070 
0.100 0.300 0.070 
0.101 0.300 0.070 
0.102 0.299 0.070 
0.103 0.299 0.069 
0.104 0.299 0.069 
0.105 0.299 0.069 
0.106 0.298 0.069 
0.107 0.298 0.068 
0.108 0.298 0.068 
0.109 0.298 0.068 
0.110 0.297 0.067 
0.111 0.297 0.067 
0.112 0.297 0.066 
0.113 0.297 0.066 
0.114 0.296 0.066 
0.115 0.296 0.065 
0.116 0.296 0.065 
0.117 0.296 0.064 
0.118 0.295 0.064 
0.118 0.295 0.064 
0.119 0.295 0.063 
0.120 0.295 0.063 
0.121 0.295 0.062 
0.122 0.294 0.061 
0.123 0.294 0.061 
0.124 0.294 0.060 
0.125 0.294 0.060 
0.125 0.293 0.059 
0.126 0.293 0.059 
0.127 0.293 0.058 
0.128 0.293 0.058 
0.129 0.293 0.057 
0.129 0.293 0.057 
0.130 0.292 0.056 
0.131 0.292 0.055 
0.132 0.292 0.055 
0.133 0.292 0.054 
0.133 0.292 0.053 
0.134 0.291 0.053 
0.135 0.291 0.052 
0.136 0.291 0.052 
0.136 0.291 0.051 
0.137 0.291 0.051 
0.138 0.291 0.050 
0.139 0.291 0.049 
0.140 0.290 0.048 
0.140 0.290 0.048 
0.141 0.290 0.047 
0.142 0.290 0.046 
0.142 0.290 0.046 
0.143 0.290 0.045 
0.144 0.290 0.045 
0.144 0.290 0.044 
0.145 0.290 0.043 
0.146 0.290 0.043 
0.147 0.289 0.042 
0.148 0.289 0.041 
0.148 0.289 0.040 
0.149 0.289 0.040 
0.150 0.289 0.039 
0.150 0.289 0.038 
0.151 0.289 0.038 
0.152 0.289 0.037 
0.152 0.289 0.037 
0.153 0.289 0.036 
0.154 0.289 0.035 
0.155 0.289 0.034 
0.155 0.289 0.034 
0.156 0.289 0.033 
0.157 0.289 0.032 
0.157 0.289 0.032 
0.158 0.289 0.031 
0.159 0.289 0.031 
0.159 0.289 0.030 
0.160 0.289 0.029 
0.161 0.289 0.029 
0.162 0.289 0.028 
0.162 0.289 0.027 
0.163 0.289 0.027 
0.164 0.289 0.026 
0.165 0.290 0.025 
0.166 0.290 0.025 
0.166 0.290 0.024 
0.167 0.290 0.024 
0.168 0.290 0.023 
0.168 0.290 0.023 
0.169 0.290 0.022 
0.170 0.290 0.022 
0.171 0.290 0.021 
0.172 0.291 0.020 
0.172 0.291 0.020 
0.173 0.291 0.019 
0.174 0.291 0.019 
0.175 0.291 0.018 
0.175 0.291 0.018 
0.176 0.292 0.018 
0.177 0.292 0.017 
0.178 0.292 0.017 
0.179 0.292 0.016 
0.180 0.293 0.016 
0.181 0.293 0.015 
0.181 0.293 0.015 
0.182 0.293 0.014 
0.183 0.294 0.014 
0.184 0.294 0.014 
0.185 0.294 0.013 
0.186 0.294 0.013 
0.186 0.295 0.013 
0.187 0.295 0.013 
0.188 0.295 0.012 
0.189 0.296 0.012 
0.190 0.296 0.012 
0.191 0.296 0.011 
0.192 0.297 0.011 
0.193 0.297 0.011 
0.194 0.297 0.011 
0.195 0.298 0.011 
0.196 0.298 0.010 
0.197 0.299 0.010 
0.198 0.299 0.010 
0.199 0.299 0.010 
0.200 0.300 0.010 
0.201 0.301 0.010 
0.203 0.301 0.010 
0.204 0.302 0.010 
0.205 0.303 0.010 
0.206 0.303 0.010 
0.207 0.304 0.010 
0.209 0.304 0.010 
0.210 0.305 0.010 
0.211 0.306 0.010 
0.212 0.307 0.010 
0.213 0.308 0.010 
0.215 0.309 0.010 
0.216 0.309 0.011 
0.217 0.310 0.011 
0.218 0.311 0.011 
0.219 0.312 0.011 
0.219 0.313 0.011 
0.220 0.314 0.012 
0.221 0.314 0.012 
0.222 0.315 0.012 
0.223 0.316 0.013 
0.224 0.318 0.013 
0.225 0.319 0.013 
0.226 0.320 0.014 
0.227 0.321 0.014 
0.227 0.322 0.014 
0.228 0.323 0.015 
0.229 0.324 0.015 
0.229 0.324 0.016 
0.230 0.325 0.016 
0.231 0.327 0.017 
0.232 0.328 0.017 
0.232 0.329 0.018 
0.233 0.330 0.018 
0.234 0.331 0.019 
0.235 0.332 0.019 
0.235 0.333 0.020 
0.236 0.334 0.020 
0.236 0.335 0.021 
0.237 0.336 0.021 
0.237 0.337 0.022 
0.238 0.339 0.023 
0.239 0.340 0.023 
0.239 0.341 0.024 
0.240 0.342 0.025 
0.241 0.343 0.025 
0.241 0.345 0.026 
0.242 0.346 0.027 
0.242 0.347 0.027 
0.243 0.348 0.028 
0.243 0.349 0.029 
0.244 0.350 0.029 
0.244 0.351 0.030 
0.245 0.352 0.031 
0.245 0.353 0.031 
0.246 0.355 0.032 
0.247 0.356 0.033 
0.247 0.357 0.034 
0.248 0.358 0.034 
0.248 0.359 0.035 
0.249 0.360 0.036 
0.249 0.361 0.036 
0.250 0.362 0.037 
0.250 0.363 0.038 
0.251 0.364 0.038 
0.251 0.366 0.039 
0.252 0.367 0.040 
0.252 0.368 0.041 
0.253 0.369 0.042 
0.253 0.370 0.042 
0.254 0.371 0.043 
0.255 0.372 0.044 
0.255 0.373 0.044 
0.256 0.374 0.045 
0.256 0.375 0.046 
0.257 0.376 0.046 
0.258 0.377 0.047 
0.258 0.378 0.048 
0.259 0.379 0.049 
0.260 0.380 0.049 
0.260 0.381 0.050 
0.261 0.381 0.051 
0.261 0.382 0.051 
0.262 0.383 0.052 
0.263 0.384 0.053 
0.263 0.385 0.053 
0.264 0.385 0.054 
0.265 0.386 0.055 
0.266 0.387 0.056 
0.267 0.388 0.056 
0.267 0.389 0.057 
0.268 0.389 0.057 
0.269 0.390 0.058 
0.270 0.391 0.059 
0.270 0.391 0.059 
0.271 0.392 0.060 
0.272 0.393 0.060 
0.273 0.393 0.061 
0.274 0.394 0.061 
0.275 0.394 0.062 
0.276 0.395 0.063 
0.277 0.396 0.063 
0.278 0.396 0.064 
0.279 0.396 0.064 
0.280 0.397 0.065 
0.281 0.397 0.065 
0.282 0.398 0.065 
0.283 0.398 0.066 
0.284 0.398 0.066 
0.286 0.399 0.067 
0.287 0.399 0.067 
0.288 0.399 0.068 
0.290 0.399 0.068 
0.291 0.400 0.068 
0.292 0.400 0.069 
0.293 0.400 0.069 
0.294 0.400 0.069 
0.296 0.400 0.069 
0.297 0.400 0.070 
0.298 0.400 0.070 
0.300 0.400 0.070 
0.301 0.400 0.070 
0.303 0.400 0.070 
0.304 0.400 0.071 
0.305 0.400 0.071 
0.307 0.400 0.071 
0.308 0.399 0.071 
0.309 0.399 0.071 
0.310 0.399 0.071 
0.311 0.399 0.071 
0.313 0.399 0.071 
0.314 0.398 0.071 
0.315 0.398 0.071 
0.317 0.398 0.071 
0.318 0.397 0.071 
0.319 0.397 0.071 
0.320 0.397 0.071 
0.321 0.396 0.071 
0.322 0.396 0.071 
0.323 0.396 0.071 
0.324 0.395 0.071 
0.325 0.395 0.071 
0.326 0.394 0.071 
0.327 0.394 0.071 
0.328 0.393 0.071 
0.329 0.393 0.071 
0.330 0.392 0.071 
0.331 0.392 0.071 
0.332 0.391 0.070 
0.333 0.391 0.070 
0.334 0.390 0.070 
0.335 0.389 0.070 
0.336 0.389 0.070 
0.337 0.388 0.070 
0.338 0.387 0.069 
0.339 0.387 0.069 
0.340 0.386 0.069 
0.340 0.385 0.069 
0.341 0.385 0.069 
0.342 0.384 0.068 
0.343 0.383 0.068 
0.343 0.382 0.068 
0.344 0.382 0.068 
0.345 0.381 0.067 
0.346 0.380 0.067 
0.347 0.379 0.067 
0.348 0.378 0.066 
0.348 0.377 0.066 
0.349 0.377 0.066 
0.350 0.376 0.066 
0.350 0.375 0.065 
0.351 0.374 0.065 
0.352 0.373 0.065 
0.352 0.373 0.064 
0.353 0.372 0.064 
0.354 0.371 0.064 
0.355 0.370 0.063 
0.356 0.369 0.063 
0.356 0.368 0.063 
0.357 0.367 0.062 
0.358 0.366 0.062 
0.358 0.365 0.062 
0.359 0.364 0.061 
0.359 0.363 0.061 
0.360 0.362 0.061 
0.361 0.361 0.060 
0.361 0.360 0.060 
0.362 0.359 0.059 
0.363 0.358 0.059 
0.364 0.357 0.059 
0.364 0.356 0.058 
0.365 0.355 0.058 
0.365 0.354 0.058 
0.366 0.353 0.057 
0.367 0.352 0.057 
0.367 0.351 0.056 
0.368 0.350 0.056 
0.369 0.349 0.056 
0.369 0.347 0.055 
0.370 0.346 0.055 
0.371 0.345 0.054 
0.371 0.344 0.054 
0.372 0.343 0.054 
0.372 0.342 0.053 
0.373 0.341 0.053 
0.374 0.340 0.053 
0.374 0.339 0.052 
0.375 0.338 0.052 
0.376 0.337 0.051 
0.376 0.335 0.051 
0.377 0.334 0.050 
0.378 0.333 0.050 
0.378 0.332 0.050 
0.379 0.331 0.049 
0.380 0.330 0.049 
0.380 0.329 0.049 
0.381 0.328 0.048 
0.381 0.327 0.048 
0.382 0.325 0.047 
0.383 0.324 0.047 
0.384 0.323 0.047 
0.385 0.322 0.046 
0.385 0.321 0.046 
0.386 0.320 0.046 
0.387 0.319 0.045 
0.387 0.318 0.045 
0.388 0.317 0.045 
0.389 0.315 0.044 
0.389 0.314 0.044 
0.390 0.313 0.044 
0.391 0.312 0.043 
0.392 0.311 0.043 
0.393 0.310 0.043 
0.394 0.308 0.042 
0.394 0.307 0.042 
0.395 0.306 0.042 
0.396 0.305 0.041 
0.397 0.304 0.041 
0.397 0.303 0.041 
0.398 0.302 0.041 
0.399 0.301 0.040 
0.400 0.300 0.040 
0.401 0.299 0.040 
0.402 0.297 0.039 
0.403 0.296 0.039 
0.404 0.295 0.039 
0.405 0.293 0.038 
0.406 0.292 0.038 
0.407 0.291 0.038 
0.408 0.290 0.037 
0.409 0.288 0.037 
0.410 0.287 0.037 
0.411 0.285 0.036 
0.412 0.284 0.036 
0.413 0.283 0.036 
0.414 0.281 0.035 
0.415 0.280 0.035 
0.416 0.279 0.035 
0.416 0.278 0.035 
0.417 0.276 0.034 
0.418 0.275 0.034 
0.419 0.274 0.034 
0.420 0.272 0.033 
0.421 0.271 0.033 
0.421 0.270 0.033 
0.422 0.268 0.032 
0.423 0.267 0.032 
0.424 0.266 0.032 
0.424 0.264 0.032 
0.425 0.263 0.031 
0.426 0.262 0.031 
0.427 0.261 0.031 
0.427 0.260 0.030 
0.428 0.258 0.030 
0.429 0.257 0.030 
0.430 0.255 0.029 
0.430 0.254 0.029 
0.431 0.253 0.029 
0.432 0.252 0.029 
0.432 0.250 0.028 
0.433 0.249 0.028 
0.433 0.248 0.028 
0.434 0.247 0.028 
0.435 0.246 0.027 
0.435 0.244 0.027 
0.436 0.243 0.027 
0.437 0.241 0.026 
0.438 0.240 0.026 
0.438 0.239 0.026 
0.439 0.238 0.026 
0.439 0.237 0.025 
0.440 0.235 0.025 
0.441 0.234 0.025 
0.441 0.233 0.025 
0.442 0.232 0.024 
0.442 0.230 0.024 
0.443 0.229 0.024 
0.444 0.228 0.023 
0.445 0.226 0.023 
0.445 0.225 0.023 
0.446 0.224 0.023 
0.446 0.223 0.022 
0.447 0.222 0.022 
0.448 0.221 0.022 
0.448 0.219 0.022 
0.449 0.218 0.021 
0.449 0.217 0.021 
0.450 0.216 0.021 
0.451 0.214 0.021 
0.452 0.213 0.020 
0.452 0.212 0.020 
0.453 0.210 0.020 
0.453 0.209 0.020 
0.454 0.208 0.019 
0.455 0.207 0.019 
0.455 0.206 0.019 
0.456 0.205 0.019 
0.457 0.203 0.019 
0.458 0.202 0.018 
0.458 0.201 0.018 
0.459 0.199 0.018 
0.460 0.198 0.018 
0.461 0.197 0.017 
0.461 0.196 0.017 
0.462 0.195 0.017 
0.463 0.194 0.017 
0.463 0.193 0.017 
0.464 0.191 0.016 
0.465 0.190 0.016 
0.466 0.189 0.016 
0.467 0.188 0.016 
0.468 0.186 0.015 
0.468 0.185 0.015 
0.469 0.184 0.015 
0.470 0.183 0.015 
0.471 0.182 0.015 
0.472 0.181 0.015 
0.473 0.180 0.014 
0.473 0.178 0.014 
0.474 0.177 0.014 
0.475 0.176 0.014 
0.476 0.174 0.014 
0.478 0.173 0.013 
0.479 0.172 0.013 
0.479 0.171 0.013 
0.480 0.170 0.013 
0.481 0.169 0.013 
0.482 0.168 0.012 
0.483 0.166 0.012 
0.484 0.165 0.012 
0.485 0.164 0.012 
0.487 0.163 0.012 
0.488 0.161 0.012 
0.489 0.160 0.011 
0.490 0.159 0.011 
0.492 0.158 0.011 
0.493 0.157 0.011 
0.494 0.156 0.011 
0.495 0.155 0.011 
0.496 0.154 0.010 
0.497 0.152 0.010 
0.499 0.151 0.010 
0.500 0.150 0.010 
0.501 0.149 0.010 
0.502 0.148 0.010 
0.502 0.148 0.010 
0.503 0.147 0.010 
0.504 0.146 0.010 
0.505 0.146 0.010 
0.505 0.145 0.009 
0.506 0.145 0.009 
0.507 0.144 0.009 
0.508 0.143 0.009 
0.509 0.142 0.009 
0.510 0.142 0.009 
0.510 0.141 0.009 
0.511 0.140 0.009 
0.512 0.140 0.009 
0.513 0.139 0.009 
0.513 0.138 0.009 
0.514 0.138 0.009 
0.515 0.137 0.009 
0.515 0.137 0.009 
0.516 0.136 0.009 
0.517 0.135 0.009 
0.518 0.134 0.009 
0.519 0.134 0.009 
0.519 0.133 0.009 
0.520 0.133 0.009 
0.521 0.132 0.008 
0.522 0.131 0.008 
0.522 0.131 0.008 
0.523 0.130 0.008 
0.524 0.130 0.008 
0.524 0.129 0.008 
0.525 0.128 0.008 
0.526 0.128 0.008 
0.527 0.127 0.008 
0.528 0.127 0.008 
0.528 0.126 0.008 
0.529 0.126 0.008 
0.530 0.125 0.008 
0.530 0.125 0.008 
0.531 0.124 0.008 
0.532 0.123 0.008 
0.533 0.123 0.008 
0.533 0.122 0.008 
0.534 0.122 0.008 
0.535 0.121 0.008 
0.536 0.121 0.008 
0.536 0.120 0.008 
0.537 0.120 0.008 
0.538 0.119 0.008 
0.539 0.119 0.008 
0.539 0.118 0.008 
0.540 0.118 0.008 
0.541 0.117 0.008 
0.542 0.117 0.008 
0.543 0.116 0.009 
0.543 0.116 0.009 
0.544 0.115 0.009 
0.545 0.115 0.009 
0.546 0.114 0.009 
0.546 0.114 0.009 
0.547 0.114 0.009 
0.548 0.113 0.009 
0.548 0.113 0.009 
0.549 0.112 0.009 
0.550 0.112 0.009 
0.551 0.111 0.009 
0.552 0.111 0.009 
0.553 0.111 0.009 
0.553 0.110 0.009 
0.554 0.110 0.009 
0.555 0.110 0.009 
0.556 0.109 0.009 
0.556 0.109 0.009 
0.557 0.109 0.009 
0.558 0.108 0.009 
0.559 0.108 0.009 
0.560 0.107 0.009 
0.561 0.107 0.009 
0.562 0.107 0.009 
0.562 0.106 0.009 
0.563 0.106 0.009 
0.564 0.106 0.009 
0.565 0.106 0.009 
0.565 0.105 0.009 
0.566 0.105 0.009 
0.567 0.105 0.009 
0.568 0.104 0.009 
0.569 0.104 0.009 
0.570 0.104 0.009 
0.571 0.104 0.009 
0.572 0.103 0.010 
0.573 0.103 0.010 
0.573 0.103 0.010 
0.574 0.103 0.010 
0.575 0.103 0.010 
0.576 0.102 0.010 
0.577 0.102 0.010 
0.578 0.102 0.010 
0.579 0.102 0.010 
0.580 0.102 0.010 
0.581 0.101 0.010 
0.582 0.101 0.010 
0.583 0.101 0.010 
0.584 0.101 0.010 
0.585 0.101 0.010 
0.586 0.101 0.010 
0.586 0.101 0.010 
0.587 0.101 0.010 
0.589 0.101 0.010 
0.590 0.100 0.010 
0.591 0.100 0.010 
0.592 0.100 0.010 
0.593 0.100 0.010 
0.594 0.100 0.010 
0.595 0.100 0.010 
0.596 0.100 0.010 
0.597 0.100 0.010 
0.598 0.100 0.010 
0.599 0.100 0.010 
0.600 0.100 0.010 
0.601 0.100 0.010 
0.602 0.100 0.010 
0.603 0.100 0.010 
0.604 0.100 0.010 
0.605 0.100 0.010 
0.606 0.100 0.010 
0.607 0.100 0.010 
0.608 0.100 0.010 
0.609 0.100 0.010 
0.610 0.101 0.010 
0.611 0.101 0.010 
0.612 0.101 0.010 
0.613 0.101 0.010 
0.614 0.101 0.010 
0.615 0.101 0.010 
0.616 0.101 0.010 
0.617 0.102 0.010 
0.618 0.102 0.010 
0.619 0.102 0.010 
0.620 0.102 0.010 
0.620 0.103 0.009 
0.622 0.103 0.009 
0.623 0.103 0.009 
0.623 0.103 0.009 
0.624 0.104 0.009 
0.625 0.104 0.009 
0.626 0.104 0.009 
0.627 0.104 0.009 
0.627 0.105 0.009 
0.628 0.105 0.009 
0.629 0.105 0.009 
0.630 0.106 0.009 
0.631 0.106 0.009 
0.632 0.106 0.009 
0.633 0.107 0.009 
0.633 0.107 0.009 
0.634 0.107 0.009 
0.635 0.108 0.008 
0.636 0.108 0.008 
0.636 0.108 0.008 
0.637 0.109 0.008 
0.638 0.109 0.008 
0.639 0.110 0.008 
0.640 0.110 0.008 
0.640 0.111 0.008 
0.641 0.111 0.008 
0.642 0.112 0.008 
0.643 0.112 0.008 
0.643 0.112 0.008 
0.644 0.113 0.008 
0.645 0.113 0.008 
0.646 0.114 0.008 
0.646 0.114 0.008 
0.647 0.115 0.008 
0.648 0.115 0.007 
0.649 0.116 0.007 
0.650 0.116 0.007 
0.650 0.117 0.007 
0.651 0.117 0.007 
0.652 0.118 0.007 
0.652 0.118 0.007 
0.653 0.118 0.007 
0.654 0.119 0.007 
0.654 0.119 0.007 
0.655 0.120 0.007 
0.656 0.121 0.007 
0.657 0.121 0.007 
0.658 0.122 0.007 
0.658 0.122 0.007 
0.659 0.123 0.007 
0.660 0.123 0.007 
0.660 0.124 0.007 
0.661 0.124 0.007 
0.662 0.125 0.007 
0.662 0.125 0.007 
0.663 0.126 0.007 
0.664 0.126 0.007 
0.665 0.127 0.007 
0.666 0.128 0.007 
0.666 0.128 0.007 
0.667 0.129 0.007 
0.668 0.129 0.007 
0.668 0.130 0.007 
0.669 0.130 0.007 
0.670 0.131 0.007 
0.671 0.131 0.007 
0.671 0.132 0.007 
0.672 0.133 0.007 
0.673 0.133 0.007 
0.674 0.134 0.007 
0.675 0.134 0.007 
0.675 0.135 0.007 
0.676 0.135 0.007 
0.677 0.136 0.007 
0.678 0.136 0.007 
0.678 0.137 0.007 
0.679 0.137 0.007 
0.680 0.138 0.007 
0.681 0.139 0.007 
0.682 0.139 0.007 
0.683 0.140 0.007 
0.683 0.140 0.008 
0.684 0.141 0.008 
0.685 0.141 0.008 
0.686 0.142 0.008 
0.686 0.142 0.008 
0.687 0.143 0.008 
0.688 0.143 0.008 
0.689 0.144 0.008 
0.690 0.145 0.008 
0.691 0.145 0.008 
0.692 0.146 0.009 
0.693 0.146 0.009 
0.694 0.147 0.009 
0.695 0.147 0.009 
0.695 0.148 0.009 
0.696 0.148 0.009 
0.697 0.148 0.009 
0.698 0.149 0.010 
0.699 0.149 0.010 
0.700 0.150 0.010 
0.701 0.151 0.010 
0.702 0.151 0.010 
0.703 0.152 0.011 
0.704 0.152 0.011 
0.705 0.152 0.011 
0.706 0.153 0.011 
0.707 0.153 0.011 
0.708 0.154 0.012 
0.709 0.154 0.012 
0.710 0.155 0.012 
0.711 0.155 0.012 
0.712 0.156 0.013 
0.713 0.156 0.013 
0.713 0.157 0.013 
0.714 0.157 0.013 
0.715 0.158 0.014 
0.716 0.158 0.014 
0.717 0.158 0.014 
0.718 0.159 0.014 
0.719 0.159 0.015 
0.719 0.160 0.015 
0.720 0.160 0.015 
0.721 0.161 0.015 
0.722 0.161 0.016 
0.723 0.162 0.016 
0.724 0.162 0.016 
0.725 0.162 0.016 
0.725 0.163 0.017 
0.726 0.163 0.017 
0.727 0.163 0.017 
0.728 0.164 0.018 
0.729 0.164 0.018 
0.730 0.165 0.018 
0.730 0.165 0.019 
0.731 0.166 0.019 
0.732 0.166 0.019 
0.733 0.166 0.019 
0.734 0.167 0.020 
0.734 0.167 0.020 
0.735 0.168 0.020 
0.736 0.168 0.021 
0.737 0.168 0.021 
0.737 0.169 0.021 
0.738 0.169 0.022 
0.739 0.170 0.022 
0.740 0.170 0.022 
0.741 0.170 0.023 
0.741 0.171 0.023 
0.742 0.171 0.023 
0.743 0.171 0.024 
0.743 0.172 0.024 
0.744 0.172 0.024 
0.745 0.172 0.024 
0.746 0.173 0.025 
0.747 0.173 0.025 
0.747 0.174 0.026 
0.748 0.174 0.026 
0.749 0.174 0.026 
0.750 0.175 0.027 
0.750 0.175 0.027 
0.751 0.176 0.027 
0.752 0.176 0.028 
0.752 0.176 0.028 
0.753 0.177 0.028 
0.754 0.177 0.029 
0.755 0.177 0.029 
0.756 0.178 0.029 
0.756 0.178 0.030 
0.757 0.179 0.030 
0.758 0.179 0.031 
0.759 0.179 0.031 
0.759 0.180 0.031 
0.760 0.180 0.032 
0.761 0.180 0.032 
0.761 0.181 0.032 
0.762 0.181 0.033 
0.763 0.182 0.033 
0.764 0.182 0.034 
0.765 0.182 0.034 
0.765 0.183 0.034 
0.766 0.183 0.035 
0.767 0.183 0.035 
0.768 0.184 0.035 
0.768 0.184 0.036 
0.769 0.185 0.036 
0.770 0.185 0.036 
0.771 0.185 0.037 
0.771 0.186 0.037 
0.772 0.186 0.038 
0.773 0.187 0.038 
0.774 0.187 0.038 
0.775 0.187 0.039 
0.776 0.188 0.039 
0.776 0.188 0.040 
0.777 0.189 0.040 
0.778 0.189 0.040 
0.779 0.189 0.041 
0.779 0.190 0.041 
0.780 0.190 0.041 
0.781 0.191 0.042 
0.782 0.191 0.042 
0.783 0.192 0.043 
0.784 0.192 0.043 
0.785 0.192 0.043 
0.785 0.193 0.044 
0.786 0.193 0.044 
0.787 0.194 0.045 
0.788 0.194 0.045 
0.789 0.194 0.045 
0.790 0.195 0.046 
0.791 0.195 0.046 
0.792 0.196 0.047 
0.793 0.196 0.047 
0.794 0.197 0.047 
0.794 0.197 0.048 
0.795 0.198 0.048 
0.796 0.198 0.048 
0.797 0.199 0.049 
0.798 0.199 0.049 
0.799 0.199 0.050 
0.800 0.200 0.050 
