0.000 0.350 0.020 
0.001 0.349 0.020 
0.002 0.349 0.021 
0.003 0.348 0.021 
0.004 0.348 0.021 
0.005 0.347 0.021 
0.006 0.347 0.022 
0.006 0.347 0.022 
0.007 0.346 0.022 
0.008 0.346 0.022 
0.009 0.345 0.023 
0.010 0.344 0.023 
0.011 0.344 0.023 
0.012 0.343 0.024 
0.013 0.343 0.024 
0.014 0.342 0.024 
0.014 0.342 0.024 
0.015 0.341 0.025 
0.016 0.341 0.025 
0.017 0.340 0.025 
0.018 0.340 0.025 
0.019 0.339 0.026 
0.019 0.339 0.026 
0.020 0.338 0.026 
0.021 0.337 0.026 
0.022 0.337 0.027 
0.023 0.336 0.027 
0.023 0.336 0.027 
0.024 0.335 0.027 
0.025 0.335 0.027 
0.026 0.334 0.028 
0.026 0.334 0.028 
0.027 0.333 0.028 
0.028 0.332 0.028 
0.029 0.332 0.029 
0.030 0.331 0.029 
0.031 0.331 0.029 
0.031 0.330 0.029 
0.032 0.330 0.030 
0.033 0.329 0.030 
0.033 0.329 0.030 
0.034 0.328 0.030 
0.035 0.328 0.030 
0.036 0.327 0.031 
0.036 0.326 0.031 
0.037 0.326 0.031 
0.038 0.325 0.031 
0.039 0.325 0.032 
0.039 0.324 0.032 
0.040 0.324 0.032 
0.041 0.323 0.032 
0.041 0.323 0.032 
0.042 0.322 0.033 
0.043 0.322 0.033 
0.044 0.321 0.033 
0.044 0.320 0.033 
0.045 0.320 0.034 
0.046 0.319 0.034 
0.047 0.319 0.034 
0.047 0.318 0.034 
0.048 0.318 0.034 
0.049 0.317 0.035 
0.049 0.317 0.035 
0.050 0.317 0.035 
0.051 0.316 0.035 
0.052 0.316 0.035 
0.052 0.315 0.036 
0.053 0.314 0.036 
0.054 0.314 0.036 
0.055 0.314 0.036 
0.055 0.313 0.037 
0.056 0.313 0.037 
0.057 0.312 0.037 
0.058 0.312 0.037 
0.058 0.311 0.037 
0.059 0.311 0.038 
0.060 0.311 0.038 
0.061 0.310 0.038 
0.062 0.310 0.038 
0.062 0.309 0.039 
0.063 0.309 0.039 
0.064 0.308 0.039 
0.065 0.308 0.039 
0.065 0.308 0.040 
0.066 0.307 0.040 
0.067 0.307 0.040 
0.068 0.307 0.040 
0.068 0.306 0.041 
0.069 0.306 0.041 
0.070 0.306 0.041 
0.071 0.305 0.041 
0.072 0.305 0.042 
0.073 0.305 0.042 
0.074 0.304 0.042 
0.074 0.304 0.042 
0.075 0.304 0.043 
0.076 0.304 0.043 
0.077 0.303 0.043 
0.078 0.303 0.043 
0.079 0.303 0.044 
0.080 0.302 0.044 
0.081 0.302 0.044 
0.082 0.302 0.044 
0.082 0.302 0.045 
0.083 0.302 0.045 
0.084 0.301 0.045 
0.085 0.301 0.045 
0.086 0.301 0.046 
0.087 0.301 0.046 
0.088 0.301 0.046 
0.089 0.301 0.047 
0.090 0.301 0.047 
0.091 0.300 0.047 
0.092 0.300 0.048 
0.093 0.300 0.048 
0.094 0.300 0.048 
0.095 0.300 0.048 
0.096 0.300 0.049 
0.097 0.300 0.049 
0.098 0.300 0.049 
0.099 0.300 0.050 
0.100 0.300 0.050 
0.101 0.300 0.050 
0.102 0.300 0.051 
0.103 0.300 0.051 
0.104 0.300 0.051 
0.105 0.300 0.052 
0.106 0.300 0.052 
0.107 0.300 0.052 
0.108 0.301 0.052 
0.109 0.301 0.053 
0.110 0.301 0.053 
0.111 0.301 0.053 
0.112 0.301 0.054 
0.113 0.302 0.054 
0.114 0.302 0.054 
0.115 0.302 0.055 
0.116 0.302 0.055 
0.117 0.303 0.055 
0.117 0.303 0.055 
0.118 0.303 0.056 
0.119 0.304 0.056 
0.120 0.304 0.056 
0.121 0.304 0.056 
0.122 0.305 0.057 
0.123 0.305 0.057 
0.124 0.306 0.057 
0.124 0.306 0.058 
0.125 0.306 0.058 
0.126 0.307 0.058 
0.127 0.307 0.058 
0.127 0.308 0.059 
0.128 0.308 0.059 
0.129 0.309 0.059 
0.130 0.309 0.059 
0.131 0.310 0.060 
0.132 0.310 0.060 
0.132 0.311 0.060 
0.133 0.311 0.060 
0.134 0.312 0.061 
0.134 0.312 0.061 
0.135 0.313 0.061 
0.136 0.313 0.061 
0.137 0.314 0.061 
0.137 0.314 0.062 
0.138 0.315 0.062 
0.139 0.316 0.062 
0.140 0.316 0.063 
0.140 0.317 0.063 
0.141 0.317 0.063 
0.142 0.318 0.063 
0.142 0.319 0.063 
0.143 0.319 0.064 
0.144 0.320 0.064 
0.144 0.320 0.064 
0.145 0.321 0.064 
0.146 0.322 0.065 
0.147 0.322 0.065 
0.147 0.323 0.065 
0.148 0.324 0.065 
0.149 0.324 0.065 
0.149 0.325 0.066 
0.150 0.325 0.066 
0.151 0.326 0.066 
0.151 0.327 0.066 
0.152 0.327 0.067 
0.153 0.328 0.067 
0.154 0.328 0.067 
0.154 0.329 0.067 
0.155 0.330 0.067 
0.156 0.330 0.068 
0.157 0.331 0.068 
0.157 0.332 0.068 
0.158 0.332 0.068 
0.159 0.333 0.069 
0.159 0.333 0.069 
0.160 0.334 0.069 
0.161 0.334 0.069 
0.162 0.335 0.069 
0.162 0.336 0.070 
0.163 0.336 0.070 
0.164 0.337 0.070 
0.165 0.337 0.070 
0.165 0.338 0.071 
0.166 0.338 0.071 
0.167 0.339 0.071 
0.167 0.339 0.071 
0.168 0.340 0.071 
0.169 0.340 0.072 
0.170 0.341 0.072 
0.171 0.342 0.072 
0.172 0.342 0.072 
0.172 0.342 0.073 
0.173 0.343 0.073 
0.174 0.343 0.073 
0.175 0.344 0.073 
0.175 0.344 0.073 
0.176 0.345 0.074 
0.177 0.345 0.074 
0.178 0.345 0.074 
0.179 0.346 0.074 
0.180 0.346 0.075 
0.181 0.347 0.075 
0.182 0.347 0.075 
0.182 0.347 0.075 
0.183 0.347 0.076 
0.184 0.348 0.076 
0.185 0.348 0.076 
0.186 0.348 0.076 
0.187 0.348 0.077 
0.188 0.349 0.077 
0.189 0.349 0.077 
0.190 0.349 0.077 
0.191 0.349 0.078 
0.192 0.349 0.078 
0.193 0.350 0.078 
0.194 0.350 0.078 
0.195 0.350 0.079 
0.196 0.350 0.079 
0.197 0.350 0.079 
0.198 0.350 0.079 
0.199 0.350 0.080 
0.200 0.350 0.080 
0.201 0.350 0.080 
0.202 0.350 0.081 
0.203 0.350 0.081 
0.204 0.350 0.081 
0.205 0.350 0.081 
0.206 0.350 0.082 
0.207 0.350 0.082 
0.208 0.350 0.082 
0.209 0.350 0.082 
0.210 0.350 0.083 
0.211 0.349 0.083 
0.212 0.349 0.083 
0.213 0.349 0.083 
0.214 0.349 0.084 
0.215 0.349 0.084 
0.216 0.349 0.084 
0.217 0.349 0.084 
0.218 0.349 0.085 
0.219 0.348 0.085 
0.220 0.348 0.085 
0.221 0.348 0.086 
0.222 0.348 0.086 
0.223 0.348 0.086 
0.224 0.348 0.086 
0.225 0.347 0.087 
0.225 0.347 0.087 
0.226 0.347 0.087 
0.227 0.347 0.087 
0.228 0.347 0.088 
0.229 0.346 0.088 
0.230 0.346 0.088 
0.230 0.346 0.088 
0.231 0.346 0.089 
0.232 0.345 0.089 
0.233 0.345 0.089 
0.234 0.345 0.089 
0.235 0.344 0.090 
0.236 0.344 0.090 
0.236 0.344 0.090 
0.237 0.344 0.090 
0.238 0.343 0.091 
0.239 0.343 0.091 
0.240 0.343 0.091 
0.241 0.342 0.091 
0.242 0.342 0.092 
0.242 0.342 0.092 
0.243 0.341 0.092 
0.244 0.341 0.092 
0.245 0.341 0.092 
0.245 0.340 0.093 
0.246 0.340 0.093 
0.247 0.339 0.093 
0.248 0.339 0.093 
0.249 0.339 0.093 
0.249 0.338 0.094 
0.250 0.338 0.094 
0.251 0.337 0.094 
0.252 0.337 0.094 
0.253 0.336 0.095 
0.253 0.336 0.095 
0.254 0.336 0.095 
0.255 0.335 0.095 
0.255 0.335 0.095 
0.256 0.334 0.095 
0.257 0.334 0.096 
0.258 0.333 0.096 
0.259 0.333 0.096 
0.260 0.332 0.096 
0.260 0.332 0.096 
0.261 0.331 0.097 
0.262 0.331 0.097 
0.262 0.330 0.097 
0.263 0.330 0.097 
0.264 0.330 0.097 
0.264 0.329 0.097 
0.265 0.328 0.097 
0.266 0.328 0.098 
0.267 0.327 0.098 
0.268 0.327 0.098 
0.269 0.326 0.098 
0.269 0.326 0.098 
0.270 0.325 0.098 
0.271 0.325 0.098 
0.271 0.324 0.099 
0.272 0.324 0.099 
0.273 0.323 0.099 
0.273 0.322 0.099 
0.274 0.322 0.099 
0.275 0.321 0.099 
0.276 0.320 0.099 
0.277 0.320 0.099 
0.277 0.319 0.099 
0.278 0.319 0.100 
0.279 0.318 0.100 
0.280 0.318 0.100 
0.280 0.317 0.100 
0.281 0.316 0.100 
0.282 0.316 0.100 
0.283 0.315 0.100 
0.284 0.314 0.100 
0.284 0.314 0.100 
0.285 0.313 0.100 
0.286 0.312 0.100 
0.287 0.312 0.100 
0.287 0.311 0.100 
0.288 0.310 0.100 
0.289 0.310 0.100 
0.289 0.309 0.100 
0.290 0.308 0.100 
0.291 0.308 0.100 
0.292 0.307 0.100 
0.293 0.306 0.100 
0.294 0.306 0.100 
0.295 0.305 0.100 
0.295 0.304 0.100 
0.296 0.304 0.100 
0.297 0.303 0.100 
0.298 0.302 0.100 
0.298 0.302 0.100 
0.299 0.301 0.100 
0.300 0.300 0.100 
0.301 0.299 0.100 
0.303 0.297 0.100 
0.304 0.296 0.100 
0.305 0.295 0.099 
0.306 0.294 0.099 
0.307 0.293 0.099 
0.308 0.291 0.099 
0.310 0.290 0.099 
0.311 0.289 0.099 
0.312 0.287 0.098 
0.313 0.286 0.098 
0.314 0.284 0.098 
0.315 0.283 0.097 
0.316 0.281 0.097 
0.317 0.280 0.097 
0.318 0.279 0.096 
0.319 0.277 0.096 
0.320 0.276 0.096 
0.320 0.275 0.095 
0.321 0.273 0.095 
0.322 0.272 0.095 
0.323 0.270 0.094 
0.324 0.268 0.094 
0.325 0.267 0.093 
0.325 0.265 0.093 
0.326 0.264 0.092 
0.327 0.262 0.092 
0.327 0.261 0.091 
0.328 0.260 0.091 
0.328 0.258 0.090 
0.329 0.256 0.090 
0.330 0.255 0.089 
0.330 0.253 0.089 
0.331 0.251 0.088 
0.331 0.250 0.088 
0.332 0.248 0.087 
0.333 0.247 0.086 
0.333 0.245 0.086 
0.334 0.244 0.085 
0.334 0.242 0.085 
0.334 0.241 0.084 
0.335 0.239 0.084 
0.335 0.238 0.083 
0.336 0.236 0.082 
0.337 0.234 0.082 
0.337 0.232 0.081 
0.337 0.231 0.081 
0.338 0.229 0.080 
0.338 0.228 0.079 
0.339 0.226 0.079 
0.339 0.225 0.078 
0.340 0.223 0.078 
0.340 0.222 0.077 
0.340 0.220 0.076 
0.341 0.218 0.076 
0.341 0.217 0.075 
0.342 0.215 0.074 
0.342 0.214 0.074 
0.343 0.212 0.073 
0.343 0.211 0.073 
0.344 0.209 0.072 
0.344 0.208 0.071 
0.344 0.207 0.071 
0.345 0.205 0.070 
0.345 0.204 0.069 
0.346 0.202 0.069 
0.346 0.200 0.068 
0.347 0.199 0.068 
0.347 0.197 0.067 
0.348 0.196 0.066 
0.348 0.195 0.066 
0.349 0.193 0.065 
0.349 0.192 0.065 
0.350 0.191 0.064 
0.350 0.190 0.064 
0.351 0.188 0.063 
0.352 0.187 0.062 
0.352 0.185 0.062 
0.353 0.184 0.061 
0.354 0.183 0.061 
0.354 0.181 0.060 
0.355 0.180 0.060 
0.355 0.179 0.059 
0.356 0.178 0.059 
0.357 0.177 0.058 
0.358 0.176 0.058 
0.358 0.174 0.057 
0.359 0.173 0.057 
0.360 0.172 0.056 
0.361 0.171 0.056 
0.362 0.170 0.055 
0.363 0.169 0.055 
0.363 0.168 0.055 
0.364 0.167 0.054 
0.365 0.166 0.054 
0.366 0.165 0.054 
0.367 0.164 0.053 
0.368 0.163 0.053 
0.369 0.162 0.053 
0.370 0.161 0.052 
0.372 0.160 0.052 
0.373 0.159 0.052 
0.374 0.159 0.051 
0.375 0.158 0.051 
0.376 0.157 0.051 
0.377 0.157 0.051 
0.378 0.156 0.051 
0.380 0.155 0.050 
0.381 0.155 0.050 
0.383 0.154 0.050 
0.384 0.154 0.050 
0.386 0.153 0.050 
0.387 0.152 0.050 
0.389 0.152 0.050 
0.390 0.152 0.050 
0.392 0.151 0.050 
0.393 0.151 0.050 
0.395 0.151 0.050 
0.396 0.150 0.050 
0.398 0.150 0.050 
0.400 0.150 0.050 
0.401 0.150 0.050 
0.403 0.150 0.050 
0.404 0.150 0.050 
0.405 0.150 0.050 
0.407 0.150 0.051 
0.408 0.150 0.051 
0.409 0.150 0.051 
0.410 0.150 0.051 
0.411 0.150 0.051 
0.413 0.151 0.052 
0.414 0.151 0.052 
0.415 0.151 0.052 
0.417 0.152 0.052 
0.418 0.152 0.053 
0.419 0.153 0.053 
0.420 0.153 0.053 
0.420 0.154 0.053 
0.421 0.154 0.054 
0.422 0.155 0.054 
0.423 0.155 0.054 
0.424 0.156 0.055 
0.425 0.157 0.055 
0.426 0.158 0.056 
0.427 0.159 0.056 
0.428 0.159 0.057 
0.429 0.160 0.057 
0.430 0.161 0.057 
0.430 0.162 0.058 
0.431 0.163 0.058 
0.432 0.163 0.059 
0.432 0.164 0.059 
0.433 0.165 0.059 
0.434 0.166 0.060 
0.435 0.168 0.061 
0.436 0.169 0.061 
0.436 0.170 0.062 
0.437 0.171 0.062 
0.438 0.172 0.063 
0.438 0.173 0.063 
0.439 0.174 0.063 
0.439 0.175 0.064 
0.440 0.176 0.064 
0.440 0.178 0.065 
0.441 0.179 0.066 
0.442 0.180 0.066 
0.442 0.182 0.067 
0.443 0.183 0.067 
0.443 0.184 0.068 
0.444 0.185 0.068 
0.444 0.186 0.069 
0.445 0.187 0.069 
0.445 0.189 0.070 
0.446 0.190 0.071 
0.447 0.191 0.071 
0.447 0.193 0.072 
0.448 0.194 0.072 
0.448 0.196 0.073 
0.449 0.197 0.074 
0.449 0.198 0.074 
0.450 0.199 0.075 
0.450 0.201 0.075 
0.451 0.202 0.076 
0.451 0.203 0.076 
0.452 0.204 0.077 
0.452 0.206 0.078 
0.453 0.207 0.078 
0.453 0.209 0.079 
0.454 0.210 0.079 
0.455 0.211 0.080 
0.455 0.213 0.081 
0.456 0.214 0.081 
0.456 0.215 0.082 
0.457 0.216 0.082 
0.457 0.217 0.083 
0.458 0.218 0.083 
0.458 0.220 0.084 
0.459 0.221 0.084 
0.460 0.222 0.085 
0.460 0.224 0.086 
0.461 0.225 0.086 
0.461 0.226 0.087 
0.462 0.227 0.087 
0.462 0.228 0.087 
0.463 0.229 0.088 
0.464 0.230 0.088 
0.464 0.231 0.089 
0.465 0.232 0.089 
0.466 0.234 0.090 
0.467 0.235 0.091 
0.468 0.236 0.091 
0.468 0.237 0.091 
0.469 0.237 0.092 
0.470 0.238 0.092 
0.470 0.239 0.093 
0.471 0.240 0.093 
0.472 0.241 0.093 
0.473 0.241 0.094 
0.474 0.242 0.094 
0.475 0.243 0.095 
0.476 0.244 0.095 
0.477 0.245 0.096 
0.478 0.245 0.096 
0.479 0.246 0.096 
0.480 0.246 0.097 
0.480 0.247 0.097 
0.481 0.247 0.097 
0.482 0.248 0.097 
0.483 0.248 0.098 
0.485 0.249 0.098 
0.486 0.249 0.098 
0.487 0.249 0.098 
0.489 0.250 0.099 
0.490 0.250 0.099 
0.491 0.250 0.099 
0.492 0.250 0.099 
0.493 0.250 0.099 
0.495 0.250 0.100 
0.496 0.250 0.100 
0.497 0.250 0.100 
0.499 0.250 0.100 
0.500 0.250 0.100 
0.502 0.250 0.100 
0.504 0.250 0.100 
0.505 0.249 0.100 
0.507 0.249 0.100 
0.508 0.249 0.100 
0.510 0.248 0.100 
0.511 0.248 0.100 
0.512 0.247 0.100 
0.514 0.247 0.100 
0.515 0.246 0.100 
0.517 0.245 0.100 
0.519 0.244 0.099 
0.520 0.244 0.099 
0.521 0.243 0.099 
0.522 0.242 0.099 
0.523 0.241 0.098 
0.524 0.241 0.098 
0.525 0.240 0.098 
0.526 0.239 0.098 
0.527 0.238 0.097 
0.528 0.237 0.097 
0.530 0.236 0.097 
0.531 0.234 0.096 
0.532 0.233 0.096 
0.533 0.232 0.095 
0.533 0.231 0.095 
0.534 0.230 0.094 
0.535 0.229 0.094 
0.535 0.228 0.093 
0.536 0.226 0.093 
0.537 0.225 0.093 
0.538 0.224 0.092 
0.538 0.222 0.091 
0.539 0.221 0.091 
0.540 0.219 0.090 
0.540 0.218 0.090 
0.541 0.217 0.089 
0.542 0.215 0.089 
0.542 0.214 0.088 
0.542 0.213 0.087 
0.543 0.211 0.087 
0.543 0.210 0.086 
0.544 0.208 0.086 
0.544 0.206 0.085 
0.545 0.205 0.084 
0.546 0.203 0.083 
0.546 0.201 0.083 
0.546 0.200 0.082 
0.547 0.198 0.082 
0.547 0.197 0.081 
0.547 0.195 0.080 
0.548 0.194 0.080 
0.548 0.192 0.079 
0.549 0.191 0.078 
0.549 0.189 0.078 
0.549 0.187 0.077 
0.550 0.185 0.076 
0.550 0.183 0.075 
0.551 0.182 0.075 
0.551 0.180 0.074 
0.551 0.179 0.073 
0.551 0.177 0.073 
0.552 0.176 0.072 
0.552 0.174 0.071 
0.553 0.172 0.071 
0.553 0.170 0.070 
0.553 0.168 0.069 
0.554 0.167 0.069 
0.554 0.165 0.068 
0.555 0.163 0.067 
0.555 0.162 0.067 
0.555 0.160 0.066 
0.556 0.159 0.065 
0.556 0.157 0.065 
0.556 0.156 0.064 
0.557 0.154 0.064 
0.557 0.152 0.063 
0.558 0.150 0.062 
0.558 0.149 0.062 
0.559 0.147 0.061 
0.559 0.146 0.060 
0.560 0.144 0.060 
0.560 0.143 0.059 
0.561 0.141 0.059 
0.561 0.140 0.058 
0.562 0.138 0.058 
0.563 0.137 0.057 
0.563 0.135 0.057 
0.564 0.133 0.056 
0.565 0.132 0.056 
0.565 0.130 0.055 
0.566 0.129 0.055 
0.567 0.128 0.054 
0.567 0.126 0.054 
0.568 0.125 0.054 
0.569 0.124 0.053 
0.570 0.123 0.053 
0.571 0.121 0.052 
0.572 0.120 0.052 
0.573 0.118 0.052 
0.574 0.117 0.051 
0.575 0.116 0.051 
0.576 0.115 0.051 
0.577 0.114 0.051 
0.578 0.113 0.050 
0.579 0.112 0.050 
0.580 0.111 0.050 
0.581 0.110 0.050 
0.582 0.109 0.050 
0.584 0.108 0.050 
0.585 0.107 0.050 
0.587 0.106 0.049 
0.588 0.105 0.049 
0.589 0.104 0.049 
0.591 0.104 0.049 
0.592 0.103 0.049 
0.594 0.102 0.049 
0.595 0.102 0.050 
0.597 0.101 0.050 
0.598 0.101 0.050 
0.600 0.100 0.050 
0.601 0.100 0.050 
0.602 0.099 0.050 
0.603 0.099 0.050 
0.604 0.099 0.051 
0.605 0.098 0.051 
0.606 0.098 0.051 
0.607 0.098 0.051 
0.608 0.098 0.051 
0.609 0.098 0.052 
0.611 0.098 0.052 
0.612 0.097 0.052 
0.613 0.097 0.053 
0.614 0.097 0.053 
0.615 0.097 0.053 
0.616 0.097 0.053 
0.617 0.097 0.054 
0.618 0.097 0.054 
0.619 0.097 0.054 
0.619 0.097 0.055 
0.620 0.097 0.055 
0.621 0.097 0.056 
0.622 0.097 0.056 
0.624 0.097 0.057 
0.624 0.097 0.057 
0.625 0.097 0.057 
0.626 0.097 0.058 
0.627 0.097 0.058 
0.628 0.097 0.059 
0.629 0.098 0.059 
0.629 0.098 0.060 
0.630 0.098 0.060 
0.631 0.098 0.061 
0.632 0.098 0.061 
0.633 0.098 0.062 
0.634 0.099 0.062 
0.635 0.099 0.063 
0.636 0.099 0.063 
0.636 0.099 0.064 
0.637 0.100 0.064 
0.638 0.100 0.065 
0.639 0.100 0.065 
0.639 0.100 0.066 
0.640 0.101 0.066 
0.641 0.101 0.067 
0.642 0.102 0.068 
0.643 0.102 0.068 
0.644 0.102 0.069 
0.644 0.103 0.069 
0.645 0.103 0.070 
0.646 0.103 0.071 
0.647 0.104 0.071 
0.647 0.104 0.072 
0.648 0.105 0.072 
0.649 0.105 0.073 
0.650 0.106 0.074 
0.650 0.106 0.074 
0.651 0.107 0.075 
0.652 0.107 0.075 
0.653 0.107 0.076 
0.653 0.108 0.077 
0.654 0.108 0.077 
0.655 0.109 0.078 
0.655 0.109 0.078 
0.656 0.110 0.079 
0.657 0.110 0.079 
0.658 0.111 0.080 
0.659 0.112 0.081 
0.659 0.112 0.081 
0.660 0.113 0.082 
0.661 0.113 0.082 
0.661 0.114 0.083 
0.662 0.115 0.083 
0.663 0.115 0.084 
0.663 0.116 0.084 
0.664 0.116 0.085 
0.665 0.117 0.086 
0.666 0.118 0.086 
0.666 0.118 0.087 
0.667 0.119 0.087 
0.668 0.120 0.088 
0.669 0.120 0.088 
0.669 0.121 0.089 
0.670 0.122 0.089 
0.671 0.122 0.090 
0.671 0.123 0.090 
0.672 0.124 0.091 
0.673 0.124 0.091 
0.674 0.125 0.092 
0.674 0.126 0.092 
0.675 0.127 0.093 
0.676 0.127 0.093 
0.677 0.128 0.093 
0.677 0.129 0.094 
0.678 0.129 0.094 
0.679 0.130 0.095 
0.679 0.131 0.095 
0.680 0.131 0.095 
0.681 0.132 0.096 
0.682 0.133 0.096 
0.683 0.134 0.096 
0.684 0.135 0.097 
0.684 0.135 0.097 
0.685 0.136 0.097 
0.686 0.137 0.098 
0.687 0.138 0.098 
0.687 0.138 0.098 
0.688 0.139 0.098 
0.689 0.140 0.099 
0.690 0.141 0.099 
0.691 0.141 0.099 
0.692 0.142 0.099 
0.692 0.143 0.099 
0.693 0.144 0.099 
0.694 0.145 0.100 
0.695 0.145 0.100 
0.696 0.146 0.100 
0.696 0.147 0.100 
0.697 0.148 0.100 
0.698 0.148 0.100 
0.699 0.149 0.100 
0.700 0.150 0.100 
0.701 0.151 0.100 
0.703 0.153 0.100 
0.704 0.154 0.100 
0.705 0.155 0.100 
0.707 0.156 0.100 
0.708 0.157 0.100 
0.709 0.158 0.100 
0.710 0.160 0.099 
0.712 0.161 0.099 
0.713 0.162 0.099 
0.714 0.164 0.099 
0.716 0.165 0.099 
0.717 0.166 0.098 
0.718 0.167 0.098 
0.719 0.169 0.098 
0.720 0.170 0.098 
0.721 0.171 0.097 
0.722 0.172 0.097 
0.723 0.173 0.097 
0.724 0.174 0.096 
0.725 0.176 0.096 
0.727 0.177 0.096 
0.728 0.178 0.095 
0.729 0.179 0.095 
0.730 0.181 0.094 
0.731 0.182 0.094 
0.732 0.183 0.094 
0.732 0.184 0.093 
0.733 0.185 0.093 
0.734 0.186 0.092 
0.735 0.187 0.092 
0.736 0.189 0.091 
0.737 0.190 0.091 
0.738 0.191 0.090 
0.739 0.192 0.089 
0.740 0.194 0.089 
0.740 0.195 0.088 
0.741 0.196 0.088 
0.742 0.197 0.087 
0.743 0.198 0.087 
0.743 0.199 0.086 
0.744 0.200 0.085 
0.745 0.201 0.085 
0.746 0.203 0.084 
0.747 0.204 0.083 
0.747 0.205 0.082 
0.748 0.207 0.082 
0.749 0.208 0.081 
0.749 0.209 0.080 
0.750 0.210 0.080 
0.751 0.211 0.079 
0.751 0.212 0.078 
0.752 0.213 0.078 
0.753 0.214 0.077 
0.753 0.216 0.076 
0.754 0.217 0.075 
0.755 0.218 0.074 
0.756 0.219 0.074 
0.756 0.221 0.073 
0.757 0.222 0.072 
0.757 0.223 0.071 
0.758 0.224 0.071 
0.759 0.225 0.070 
0.759 0.226 0.069 
0.760 0.227 0.068 
0.760 0.229 0.067 
0.761 0.230 0.066 
0.762 0.231 0.065 
0.762 0.232 0.065 
0.763 0.234 0.064 
0.764 0.235 0.063 
0.764 0.236 0.062 
0.765 0.237 0.061 
0.765 0.238 0.061 
0.766 0.239 0.060 
0.767 0.241 0.059 
0.767 0.242 0.058 
0.768 0.243 0.057 
0.769 0.245 0.056 
0.769 0.246 0.055 
0.770 0.247 0.054 
0.770 0.248 0.053 
0.771 0.249 0.053 
0.772 0.250 0.052 
0.772 0.252 0.051 
0.773 0.253 0.050 
0.773 0.254 0.049 
0.774 0.256 0.048 
0.775 0.257 0.047 
0.776 0.258 0.046 
0.776 0.260 0.045 
0.777 0.261 0.044 
0.778 0.262 0.044 
0.778 0.263 0.043 
0.779 0.264 0.042 
0.779 0.266 0.041 
0.780 0.267 0.040 
0.781 0.268 0.039 
0.782 0.270 0.038 
0.783 0.271 0.037 
0.783 0.273 0.036 
0.784 0.274 0.036 
0.785 0.275 0.035 
0.785 0.276 0.034 
0.786 0.278 0.033 
0.787 0.279 0.032 
0.788 0.280 0.032 
0.788 0.282 0.031 
0.789 0.283 0.030 
0.790 0.284 0.029 
0.791 0.286 0.028 
0.792 0.288 0.027 
0.793 0.289 0.026 
0.794 0.290 0.025 
0.795 0.292 0.025 
0.795 0.293 0.024 
0.796 0.294 0.023 
0.797 0.296 0.023 
0.798 0.297 0.022 
0.799 0.298 0.021 
0.800 0.300 0.020 
