0.000 0.350 0.070 
0.001 0.349 0.070 
0.002 0.349 0.070 
0.003 0.348 0.070 
0.004 0.348 0.070 
0.005 0.347 0.070 
0.006 0.347 0.070 
0.006 0.346 0.070 
0.007 0.346 0.070 
0.008 0.345 0.070 
0.009 0.345 0.070 
0.010 0.344 0.070 
0.011 0.343 0.070 
0.012 0.343 0.070 
0.013 0.342 0.070 
0.014 0.342 0.070 
0.015 0.341 0.070 
0.015 0.341 0.070 
0.016 0.340 0.070 
0.017 0.339 0.070 
0.018 0.339 0.070 
0.019 0.338 0.070 
0.020 0.337 0.070 
0.021 0.337 0.070 
0.021 0.336 0.070 
0.022 0.335 0.070 
0.023 0.335 0.070 
0.024 0.334 0.070 
0.024 0.334 0.069 
0.025 0.333 0.069 
0.026 0.332 0.069 
0.027 0.332 0.069 
0.028 0.331 0.069 
0.028 0.330 0.069 
0.029 0.329 0.069 
0.030 0.329 0.069 
0.031 0.328 0.069 
0.032 0.328 0.069 
0.032 0.327 0.069 
0.033 0.326 0.069 
0.034 0.326 0.069 
0.034 0.325 0.069 
0.035 0.324 0.069 
0.036 0.324 0.069 
0.037 0.323 0.069 
0.038 0.322 0.069 
0.038 0.322 0.069 
0.039 0.321 0.069 
0.040 0.320 0.069 
0.041 0.320 0.069 
0.041 0.319 0.069 
0.042 0.318 0.069 
0.043 0.318 0.069 
0.043 0.317 0.069 
0.044 0.317 0.069 
0.045 0.316 0.069 
0.046 0.315 0.069 
0.047 0.315 0.069 
0.047 0.314 0.069 
0.048 0.313 0.068 
0.049 0.313 0.068 
0.049 0.312 0.068 
0.050 0.312 0.068 
0.051 0.311 0.068 
0.052 0.311 0.068 
0.052 0.310 0.068 
0.053 0.309 0.068 
0.054 0.309 0.068 
0.055 0.308 0.068 
0.056 0.308 0.068 
0.056 0.307 0.068 
0.057 0.307 0.068 
0.058 0.306 0.068 
0.058 0.306 0.068 
0.059 0.306 0.068 
0.060 0.305 0.068 
0.061 0.305 0.068 
0.062 0.304 0.068 
0.062 0.304 0.068 
0.063 0.303 0.068 
0.064 0.303 0.068 
0.065 0.302 0.068 
0.065 0.302 0.068 
0.066 0.302 0.068 
0.067 0.301 0.068 
0.068 0.301 0.068 
0.068 0.301 0.068 
0.069 0.300 0.068 
0.070 0.300 0.068 
0.071 0.300 0.068 
0.072 0.299 0.068 
0.073 0.299 0.068 
0.074 0.299 0.068 
0.074 0.299 0.068 
0.075 0.299 0.068 
0.076 0.298 0.068 
0.077 0.298 0.068 
0.078 0.298 0.068 
0.078 0.298 0.068 
0.079 0.298 0.069 
0.080 0.298 0.069 
0.081 0.298 0.069 
0.082 0.298 0.069 
0.083 0.297 0.069 
0.084 0.297 0.069 
0.085 0.297 0.069 
0.086 0.297 0.069 
0.086 0.297 0.069 
0.087 0.298 0.069 
0.088 0.298 0.069 
0.089 0.298 0.069 
0.090 0.298 0.069 
0.091 0.298 0.069 
0.092 0.298 0.069 
0.093 0.298 0.069 
0.094 0.298 0.069 
0.095 0.299 0.070 
0.096 0.299 0.070 
0.097 0.299 0.070 
0.098 0.299 0.070 
0.099 0.300 0.070 
0.100 0.300 0.070 
0.102 0.301 0.070 
0.104 0.301 0.070 
0.106 0.302 0.071 
0.108 0.303 0.071 
0.109 0.304 0.071 
0.111 0.304 0.071 
0.113 0.305 0.071 
0.114 0.306 0.072 
0.116 0.307 0.072 
0.118 0.309 0.072 
0.119 0.310 0.072 
0.121 0.311 0.072 
0.123 0.312 0.073 
0.124 0.313 0.073 
0.125 0.314 0.073 
0.126 0.316 0.073 
0.128 0.317 0.073 
0.129 0.318 0.073 
0.130 0.319 0.074 
0.131 0.321 0.074 
0.132 0.322 0.074 
0.133 0.324 0.074 
0.134 0.325 0.074 
0.135 0.327 0.075 
0.136 0.328 0.075 
0.137 0.330 0.075 
0.138 0.331 0.075 
0.139 0.333 0.075 
0.139 0.334 0.076 
0.140 0.336 0.076 
0.141 0.337 0.076 
0.142 0.339 0.076 
0.142 0.341 0.076 
0.143 0.343 0.077 
0.144 0.345 0.077 
0.145 0.346 0.077 
0.145 0.348 0.077 
0.146 0.350 0.077 
0.146 0.351 0.077 
0.146 0.353 0.078 
0.147 0.355 0.078 
0.147 0.357 0.078 
0.148 0.359 0.078 
0.148 0.361 0.078 
0.149 0.363 0.079 
0.149 0.365 0.079 
0.150 0.367 0.079 
0.150 0.369 0.079 
0.150 0.370 0.079 
0.151 0.372 0.080 
0.151 0.374 0.080 
0.151 0.376 0.080 
0.152 0.378 0.080 
0.152 0.380 0.080 
0.152 0.382 0.081 
0.153 0.384 0.081 
0.153 0.386 0.081 
0.153 0.388 0.081 
0.153 0.390 0.081 
0.154 0.392 0.082 
0.154 0.394 0.082 
0.154 0.396 0.082 
0.154 0.398 0.082 
0.155 0.400 0.082 
0.155 0.402 0.083 
0.155 0.404 0.083 
0.156 0.407 0.083 
0.156 0.409 0.083 
0.156 0.411 0.084 
0.156 0.413 0.084 
0.157 0.415 0.084 
0.157 0.416 0.084 
0.157 0.418 0.085 
0.157 0.420 0.085 
0.158 0.422 0.085 
0.158 0.424 0.085 
0.159 0.427 0.086 
0.159 0.429 0.086 
0.159 0.431 0.086 
0.160 0.433 0.086 
0.160 0.435 0.087 
0.161 0.437 0.087 
0.161 0.438 0.087 
0.161 0.440 0.087 
0.162 0.442 0.088 
0.162 0.444 0.088 
0.163 0.446 0.088 
0.164 0.448 0.089 
0.164 0.450 0.089 
0.165 0.452 0.089 
0.165 0.454 0.089 
0.166 0.456 0.090 
0.167 0.458 0.090 
0.167 0.459 0.090 
0.168 0.461 0.091 
0.169 0.463 0.091 
0.169 0.464 0.091 
0.170 0.466 0.091 
0.171 0.468 0.092 
0.172 0.470 0.092 
0.173 0.472 0.093 
0.174 0.473 0.093 
0.175 0.475 0.093 
0.176 0.477 0.094 
0.177 0.478 0.094 
0.178 0.480 0.094 
0.179 0.481 0.095 
0.180 0.482 0.095 
0.182 0.484 0.095 
0.183 0.486 0.096 
0.185 0.487 0.096 
0.186 0.489 0.097 
0.187 0.490 0.097 
0.189 0.492 0.097 
0.190 0.493 0.098 
0.192 0.494 0.098 
0.193 0.495 0.098 
0.195 0.496 0.099 
0.196 0.497 0.099 
0.198 0.499 0.100 
0.200 0.500 0.100 
0.201 0.501 0.100 
0.202 0.501 0.100 
0.203 0.502 0.101 
0.203 0.502 0.101 
0.204 0.503 0.101 
0.205 0.503 0.101 
0.206 0.503 0.101 
0.206 0.504 0.102 
0.207 0.504 0.102 
0.208 0.505 0.102 
0.209 0.505 0.102 
0.210 0.506 0.102 
0.211 0.506 0.103 
0.212 0.506 0.103 
0.212 0.507 0.103 
0.213 0.507 0.103 
0.214 0.507 0.103 
0.215 0.508 0.104 
0.215 0.508 0.104 
0.216 0.509 0.104 
0.217 0.509 0.104 
0.218 0.509 0.104 
0.219 0.510 0.105 
0.220 0.510 0.105 
0.221 0.510 0.105 
0.221 0.511 0.105 
0.222 0.511 0.105 
0.223 0.511 0.106 
0.224 0.511 0.106 
0.224 0.512 0.106 
0.225 0.512 0.106 
0.226 0.512 0.106 
0.227 0.512 0.107 
0.228 0.513 0.107 
0.229 0.513 0.107 
0.230 0.513 0.107 
0.230 0.513 0.108 
0.231 0.513 0.108 
0.232 0.514 0.108 
0.233 0.514 0.108 
0.234 0.514 0.108 
0.234 0.514 0.109 
0.235 0.514 0.109 
0.236 0.514 0.109 
0.237 0.515 0.109 
0.238 0.515 0.109 
0.239 0.515 0.110 
0.240 0.515 0.110 
0.240 0.515 0.110 
0.241 0.515 0.110 
0.242 0.515 0.110 
0.243 0.515 0.111 
0.243 0.515 0.111 
0.244 0.515 0.111 
0.245 0.515 0.111 
0.246 0.516 0.111 
0.247 0.516 0.112 
0.248 0.516 0.112 
0.249 0.516 0.112 
0.249 0.516 0.112 
0.250 0.516 0.112 
0.251 0.516 0.113 
0.252 0.516 0.113 
0.253 0.516 0.113 
0.253 0.516 0.113 
0.254 0.516 0.113 
0.255 0.515 0.114 
0.256 0.515 0.114 
0.257 0.515 0.114 
0.258 0.515 0.114 
0.258 0.515 0.114 
0.259 0.515 0.114 
0.260 0.515 0.115 
0.261 0.515 0.115 
0.262 0.515 0.115 
0.262 0.515 0.115 
0.263 0.515 0.115 
0.264 0.514 0.115 
0.265 0.514 0.116 
0.266 0.514 0.116 
0.267 0.514 0.116 
0.268 0.514 0.116 
0.268 0.514 0.116 
0.269 0.513 0.116 
0.270 0.513 0.116 
0.271 0.513 0.117 
0.272 0.513 0.117 
0.273 0.512 0.117 
0.273 0.512 0.117 
0.274 0.512 0.117 
0.275 0.512 0.117 
0.276 0.511 0.118 
0.277 0.511 0.118 
0.277 0.511 0.118 
0.278 0.511 0.118 
0.279 0.510 0.118 
0.280 0.510 0.118 
0.281 0.510 0.118 
0.282 0.509 0.118 
0.283 0.509 0.118 
0.283 0.509 0.119 
0.284 0.508 0.119 
0.285 0.508 0.119 
0.286 0.508 0.119 
0.287 0.507 0.119 
0.287 0.507 0.119 
0.288 0.507 0.119 
0.289 0.506 0.119 
0.290 0.506 0.119 
0.291 0.505 0.119 
0.292 0.505 0.119 
0.293 0.504 0.120 
0.294 0.504 0.120 
0.294 0.503 0.120 
0.295 0.503 0.120 
0.296 0.503 0.120 
0.297 0.502 0.120 
0.297 0.502 0.120 
0.298 0.501 0.120 
0.299 0.501 0.120 
0.300 0.500 0.120 
0.302 0.499 0.120 
0.304 0.498 0.120 
0.305 0.496 0.120 
0.307 0.495 0.120 
0.309 0.494 0.120 
0.310 0.493 0.120 
0.312 0.492 0.121 
0.313 0.491 0.121 
0.315 0.489 0.121 
0.316 0.488 0.121 
0.318 0.486 0.121 
0.319 0.485 0.121 
0.321 0.483 0.121 
0.322 0.482 0.121 
0.323 0.481 0.121 
0.325 0.479 0.121 
0.326 0.478 0.121 
0.327 0.477 0.121 
0.328 0.475 0.121 
0.329 0.474 0.121 
0.330 0.472 0.121 
0.331 0.470 0.121 
0.333 0.469 0.121 
0.334 0.467 0.121 
0.335 0.466 0.121 
0.336 0.464 0.121 
0.337 0.463 0.121 
0.337 0.461 0.121 
0.338 0.460 0.121 
0.339 0.458 0.121 
0.340 0.457 0.121 
0.341 0.455 0.121 
0.342 0.453 0.121 
0.342 0.451 0.121 
0.343 0.449 0.121 
0.344 0.448 0.121 
0.345 0.446 0.121 
0.345 0.445 0.121 
0.346 0.443 0.121 
0.347 0.441 0.121 
0.347 0.440 0.121 
0.348 0.438 0.121 
0.348 0.436 0.121 
0.349 0.434 0.121 
0.350 0.432 0.121 
0.350 0.430 0.121 
0.351 0.429 0.121 
0.351 0.427 0.121 
0.352 0.425 0.121 
0.352 0.424 0.120 
0.353 0.422 0.120 
0.353 0.420 0.120 
0.354 0.419 0.120 
0.354 0.417 0.120 
0.355 0.415 0.120 
0.355 0.413 0.120 
0.356 0.411 0.120 
0.356 0.409 0.119 
0.357 0.407 0.119 
0.357 0.406 0.119 
0.357 0.404 0.119 
0.358 0.402 0.119 
0.358 0.401 0.119 
0.359 0.399 0.118 
0.359 0.397 0.118 
0.360 0.395 0.118 
0.360 0.393 0.118 
0.360 0.391 0.117 
0.361 0.389 0.117 
0.361 0.387 0.117 
0.362 0.385 0.117 
0.362 0.384 0.116 
0.362 0.382 0.116 
0.363 0.380 0.116 
0.363 0.379 0.116 
0.364 0.377 0.115 
0.364 0.375 0.115 
0.365 0.373 0.114 
0.365 0.371 0.114 
0.366 0.369 0.114 
0.366 0.367 0.113 
0.367 0.365 0.113 
0.367 0.364 0.113 
0.368 0.362 0.112 
0.368 0.360 0.112 
0.369 0.359 0.112 
0.369 0.357 0.111 
0.370 0.355 0.111 
0.370 0.353 0.110 
0.371 0.351 0.110 
0.372 0.349 0.109 
0.372 0.347 0.109 
0.373 0.346 0.108 
0.373 0.344 0.108 
0.374 0.342 0.107 
0.375 0.341 0.107 
0.375 0.339 0.106 
0.376 0.337 0.106 
0.377 0.335 0.105 
0.378 0.333 0.105 
0.379 0.332 0.104 
0.380 0.330 0.103 
0.380 0.328 0.103 
0.381 0.327 0.102 
0.382 0.325 0.102 
0.383 0.324 0.101 
0.384 0.322 0.101 
0.385 0.320 0.100 
0.386 0.319 0.099 
0.387 0.317 0.098 
0.388 0.315 0.098 
0.389 0.313 0.097 
0.390 0.312 0.096 
0.391 0.310 0.095 
0.393 0.309 0.095 
0.394 0.307 0.094 
0.395 0.306 0.093 
0.396 0.305 0.093 
0.397 0.303 0.092 
0.399 0.302 0.091 
0.400 0.300 0.090 
0.401 0.299 0.089 
0.402 0.298 0.089 
0.403 0.297 0.088 
0.403 0.297 0.088 
0.404 0.296 0.087 
0.405 0.295 0.087 
0.406 0.294 0.086 
0.406 0.294 0.086 
0.407 0.293 0.085 
0.408 0.292 0.084 
0.409 0.291 0.084 
0.410 0.291 0.083 
0.411 0.290 0.082 
0.411 0.289 0.082 
0.412 0.289 0.081 
0.413 0.288 0.080 
0.414 0.288 0.080 
0.414 0.287 0.079 
0.415 0.287 0.079 
0.416 0.286 0.078 
0.417 0.286 0.077 
0.418 0.285 0.076 
0.418 0.284 0.075 
0.419 0.284 0.075 
0.420 0.283 0.074 
0.421 0.283 0.073 
0.421 0.283 0.073 
0.422 0.282 0.072 
0.423 0.282 0.071 
0.424 0.282 0.070 
0.424 0.281 0.070 
0.425 0.281 0.069 
0.426 0.280 0.068 
0.427 0.280 0.067 
0.428 0.280 0.066 
0.428 0.279 0.065 
0.429 0.279 0.065 
0.430 0.279 0.064 
0.430 0.278 0.063 
0.431 0.278 0.063 
0.432 0.278 0.062 
0.433 0.278 0.061 
0.433 0.277 0.060 
0.434 0.277 0.059 
0.435 0.277 0.058 
0.436 0.276 0.057 
0.437 0.276 0.057 
0.437 0.276 0.056 
0.438 0.276 0.055 
0.439 0.275 0.054 
0.439 0.275 0.054 
0.440 0.275 0.053 
0.441 0.275 0.052 
0.442 0.275 0.051 
0.443 0.274 0.050 
0.443 0.274 0.049 
0.444 0.274 0.048 
0.445 0.274 0.048 
0.446 0.274 0.047 
0.446 0.273 0.046 
0.447 0.273 0.045 
0.448 0.273 0.045 
0.449 0.273 0.044 
0.449 0.273 0.043 
0.450 0.272 0.042 
0.451 0.272 0.041 
0.452 0.272 0.040 
0.453 0.272 0.040 
0.453 0.272 0.039 
0.454 0.271 0.038 
0.455 0.271 0.037 
0.456 0.271 0.037 
0.456 0.271 0.036 
0.457 0.271 0.035 
0.458 0.270 0.035 
0.459 0.270 0.034 
0.460 0.270 0.033 
0.461 0.270 0.032 
0.462 0.269 0.031 
0.462 0.269 0.031 
0.463 0.269 0.030 
0.464 0.269 0.029 
0.465 0.268 0.029 
0.465 0.268 0.028 
0.466 0.268 0.027 
0.467 0.268 0.027 
0.468 0.267 0.026 
0.469 0.267 0.025 
0.470 0.267 0.025 
0.471 0.266 0.024 
0.472 0.266 0.023 
0.472 0.266 0.023 
0.473 0.265 0.022 
0.474 0.265 0.022 
0.475 0.265 0.021 
0.476 0.264 0.020 
0.477 0.264 0.020 
0.478 0.263 0.019 
0.479 0.263 0.019 
0.480 0.262 0.018 
0.481 0.262 0.018 
0.481 0.262 0.017 
0.482 0.261 0.017 
0.483 0.261 0.016 
0.484 0.260 0.016 
0.485 0.260 0.015 
0.486 0.259 0.015 
0.487 0.259 0.014 
0.488 0.258 0.014 
0.489 0.257 0.014 
0.490 0.257 0.013 
0.491 0.256 0.013 
0.492 0.255 0.012 
0.493 0.255 0.012 
0.494 0.254 0.012 
0.495 0.254 0.011 
0.496 0.253 0.011 
0.497 0.252 0.011 
0.498 0.252 0.011 
0.499 0.251 0.010 
0.500 0.250 0.010 
0.501 0.249 0.010 
0.502 0.248 0.009 
0.503 0.248 0.009 
0.504 0.247 0.009 
0.505 0.246 0.009 
0.506 0.245 0.009 
0.507 0.244 0.009 
0.508 0.244 0.009 
0.509 0.243 0.009 
0.511 0.242 0.008 
0.512 0.241 0.008 
0.513 0.240 0.008 
0.514 0.239 0.008 
0.515 0.239 0.008 
0.516 0.238 0.008 
0.517 0.237 0.008 
0.518 0.236 0.008 
0.518 0.236 0.008 
0.519 0.235 0.009 
0.520 0.234 0.009 
0.521 0.233 0.009 
0.522 0.233 0.009 
0.523 0.232 0.009 
0.524 0.231 0.009 
0.525 0.230 0.009 
0.526 0.229 0.010 
0.527 0.229 0.010 
0.528 0.228 0.010 
0.529 0.227 0.010 
0.529 0.227 0.010 
0.530 0.226 0.011 
0.531 0.225 0.011 
0.532 0.224 0.011 
0.533 0.223 0.011 
0.534 0.223 0.012 
0.535 0.222 0.012 
0.536 0.221 0.012 
0.536 0.221 0.013 
0.537 0.220 0.013 
0.538 0.219 0.013 
0.539 0.218 0.014 
0.539 0.218 0.014 
0.540 0.217 0.014 
0.541 0.216 0.015 
0.542 0.215 0.015 
0.543 0.214 0.016 
0.544 0.214 0.016 
0.544 0.213 0.016 
0.545 0.212 0.017 
0.546 0.212 0.017 
0.546 0.211 0.018 
0.547 0.210 0.018 
0.548 0.210 0.019 
0.549 0.209 0.019 
0.550 0.208 0.019 
0.550 0.207 0.020 
0.551 0.206 0.021 
0.552 0.205 0.021 
0.553 0.205 0.021 
0.553 0.204 0.022 
0.554 0.203 0.022 
0.555 0.203 0.023 
0.555 0.202 0.023 
0.556 0.201 0.024 
0.557 0.200 0.024 
0.558 0.200 0.025 
0.559 0.199 0.025 
0.559 0.198 0.026 
0.560 0.197 0.026 
0.561 0.196 0.027 
0.561 0.196 0.027 
0.562 0.195 0.028 
0.563 0.194 0.028 
0.563 0.193 0.029 
0.564 0.193 0.029 
0.565 0.192 0.030 
0.566 0.191 0.031 
0.566 0.190 0.031 
0.567 0.189 0.032 
0.568 0.188 0.032 
0.569 0.187 0.033 
0.569 0.187 0.033 
0.570 0.186 0.034 
0.571 0.185 0.034 
0.571 0.184 0.035 
0.572 0.184 0.035 
0.573 0.183 0.036 
0.574 0.182 0.036 
0.575 0.181 0.037 
0.575 0.180 0.037 
0.576 0.179 0.038 
0.577 0.178 0.038 
0.577 0.177 0.039 
0.578 0.176 0.039 
0.579 0.176 0.040 
0.580 0.175 0.040 
0.580 0.174 0.041 
0.581 0.173 0.041 
0.582 0.172 0.042 
0.583 0.171 0.042 
0.584 0.170 0.043 
0.584 0.169 0.043 
0.585 0.168 0.044 
0.586 0.167 0.044 
0.587 0.166 0.044 
0.587 0.165 0.045 
0.588 0.164 0.045 
0.589 0.164 0.046 
0.590 0.162 0.046 
0.591 0.161 0.046 
0.592 0.160 0.047 
0.593 0.159 0.047 
0.593 0.158 0.048 
0.594 0.157 0.048 
0.595 0.156 0.048 
0.596 0.155 0.048 
0.597 0.154 0.049 
0.597 0.153 0.049 
0.598 0.152 0.049 
0.599 0.151 0.050 
0.600 0.150 0.050 
0.601 0.149 0.050 
0.602 0.147 0.051 
0.603 0.146 0.051 
0.604 0.145 0.052 
0.605 0.143 0.052 
0.606 0.142 0.052 
0.607 0.141 0.052 
0.608 0.140 0.053 
0.609 0.138 0.053 
0.610 0.137 0.054 
0.611 0.135 0.054 
0.612 0.134 0.054 
0.613 0.132 0.055 
0.614 0.131 0.055 
0.614 0.130 0.055 
0.615 0.128 0.056 
0.616 0.127 0.056 
0.617 0.126 0.057 
0.617 0.125 0.057 
0.618 0.123 0.057 
0.619 0.122 0.058 
0.620 0.120 0.058 
0.621 0.119 0.059 
0.622 0.117 0.059 
0.622 0.116 0.059 
0.623 0.115 0.060 
0.624 0.113 0.060 
0.624 0.112 0.060 
0.625 0.111 0.061 
0.626 0.109 0.061 
0.626 0.108 0.061 
0.627 0.107 0.062 
0.628 0.105 0.062 
0.628 0.103 0.063 
0.629 0.102 0.063 
0.630 0.101 0.063 
0.630 0.099 0.064 
0.631 0.098 0.064 
0.631 0.097 0.065 
0.632 0.096 0.065 
0.633 0.094 0.065 
0.633 0.093 0.066 
0.634 0.091 0.066 
0.635 0.090 0.066 
0.635 0.088 0.067 
0.636 0.087 0.067 
0.636 0.086 0.067 
0.637 0.084 0.068 
0.637 0.083 0.068 
0.638 0.082 0.068 
0.639 0.081 0.069 
0.639 0.079 0.069 
0.640 0.078 0.069 
0.640 0.077 0.070 
0.641 0.075 0.070 
0.642 0.074 0.070 
0.642 0.072 0.071 
0.643 0.071 0.071 
0.643 0.070 0.071 
0.644 0.069 0.071 
0.644 0.067 0.072 
0.645 0.066 0.072 
0.646 0.065 0.072 
0.646 0.064 0.072 
0.647 0.062 0.073 
0.648 0.061 0.073 
0.648 0.059 0.073 
0.649 0.058 0.073 
0.650 0.057 0.074 
0.650 0.055 0.074 
0.651 0.054 0.074 
0.651 0.053 0.074 
0.652 0.052 0.074 
0.653 0.051 0.074 
0.653 0.050 0.075 
0.654 0.048 0.075 
0.655 0.047 0.075 
0.656 0.045 0.075 
0.656 0.044 0.075 
0.657 0.043 0.075 
0.658 0.042 0.075 
0.658 0.041 0.076 
0.659 0.040 0.076 
0.660 0.039 0.076 
0.661 0.037 0.076 
0.661 0.036 0.076 
0.662 0.035 0.076 
0.663 0.034 0.076 
0.664 0.032 0.076 
0.665 0.031 0.076 
0.666 0.030 0.076 
0.667 0.029 0.076 
0.668 0.028 0.076 
0.668 0.027 0.076 
0.669 0.026 0.076 
0.670 0.025 0.076 
0.671 0.024 0.076 
0.672 0.023 0.076 
0.673 0.021 0.076 
0.674 0.020 0.075 
0.675 0.019 0.075 
0.677 0.018 0.075 
0.678 0.017 0.075 
0.679 0.016 0.075 
0.680 0.015 0.075 
0.681 0.014 0.075 
0.682 0.013 0.074 
0.683 0.012 0.074 
0.684 0.011 0.074 
0.685 0.010 0.074 
0.687 0.009 0.073 
0.688 0.008 0.073 
0.689 0.007 0.073 
0.691 0.006 0.073 
0.692 0.005 0.072 
0.693 0.004 0.072 
0.694 0.003 0.072 
0.696 0.003 0.071 
0.697 0.002 0.071 
0.698 0.001 0.070 
0.700 0.000 0.070 
0.701 -0.001 0.070 
0.702 -0.001 0.069 
0.703 -0.002 0.069 
0.704 -0.002 0.069 
0.705 -0.003 0.069 
0.705 -0.003 0.068 
0.706 -0.003 0.068 
0.707 -0.004 0.068 
0.708 -0.004 0.067 
0.709 -0.005 0.067 
0.710 -0.005 0.067 
0.711 -0.005 0.066 
0.712 -0.006 0.066 
0.713 -0.006 0.066 
0.714 -0.006 0.065 
0.714 -0.007 0.065 
0.715 -0.007 0.065 
0.716 -0.007 0.064 
0.717 -0.007 0.064 
0.718 -0.008 0.064 
0.718 -0.008 0.063 
0.719 -0.008 0.063 
0.720 -0.008 0.062 
0.721 -0.009 0.062 
0.722 -0.009 0.061 
0.723 -0.009 0.061 
0.724 -0.009 0.061 
0.724 -0.009 0.060 
0.725 -0.009 0.060 
0.726 -0.009 0.060 
0.727 -0.009 0.059 
0.728 -0.010 0.059 
0.728 -0.010 0.058 
0.729 -0.010 0.058 
0.730 -0.010 0.057 
0.731 -0.010 0.057 
0.732 -0.010 0.056 
0.732 -0.010 0.056 
0.733 -0.010 0.055 
0.734 -0.010 0.055 
0.735 -0.010 0.055 
0.735 -0.010 0.054 
0.736 -0.010 0.054 
0.737 -0.010 0.053 
0.738 -0.010 0.053 
0.739 -0.010 0.052 
0.739 -0.010 0.052 
0.740 -0.010 0.051 
0.741 -0.010 0.051 
0.742 -0.010 0.050 
0.742 -0.009 0.050 
0.743 -0.009 0.049 
0.744 -0.009 0.049 
0.745 -0.009 0.048 
0.745 -0.009 0.048 
0.746 -0.009 0.047 
0.747 -0.009 0.046 
0.748 -0.009 0.046 
0.749 -0.009 0.045 
0.749 -0.008 0.045 
0.750 -0.008 0.044 
0.751 -0.008 0.044 
0.751 -0.008 0.043 
0.752 -0.008 0.043 
0.753 -0.008 0.042 
0.754 -0.008 0.042 
0.755 -0.007 0.041 
0.756 -0.007 0.041 
0.756 -0.007 0.040 
0.757 -0.007 0.039 
0.758 -0.007 0.039 
0.758 -0.007 0.038 
0.759 -0.006 0.038 
0.760 -0.006 0.037 
0.761 -0.006 0.037 
0.761 -0.006 0.036 
0.762 -0.006 0.036 
0.763 -0.005 0.035 
0.764 -0.005 0.034 
0.765 -0.005 0.034 
0.766 -0.005 0.033 
0.766 -0.005 0.033 
0.767 -0.005 0.032 
0.768 -0.004 0.032 
0.769 -0.004 0.031 
0.769 -0.004 0.031 
0.770 -0.004 0.030 
0.771 -0.004 0.029 
0.772 -0.003 0.029 
0.773 -0.003 0.028 
0.774 -0.003 0.027 
0.774 -0.003 0.027 
0.775 -0.003 0.026 
0.776 -0.003 0.026 
0.777 -0.002 0.025 
0.777 -0.002 0.025 
0.778 -0.002 0.024 
0.779 -0.002 0.024 
0.780 -0.002 0.023 
0.781 -0.002 0.022 
0.782 -0.002 0.022 
0.783 -0.001 0.021 
0.784 -0.001 0.020 
0.784 -0.001 0.020 
0.785 -0.001 0.019 
0.786 -0.001 0.019 
0.787 -0.001 0.018 
0.788 -0.001 0.018 
0.789 -0.001 0.017 
0.790 -0.001 0.016 
0.791 -0.000 0.016 
0.792 -0.000 0.015 
0.793 -0.000 0.015 
0.794 -0.000 0.014 
0.794 -0.000 0.013 
0.795 -0.000 0.013 
0.796 -0.000 0.012 
0.797 -0.000 0.012 
0.798 -0.000 0.011 
0.799 -0.000 0.011 
0.800 0.000 0.010 
