0.000 0.300 0.100 
0.001 0.300 0.099 
0.002 0.300 0.099 
0.003 0.300 0.098 
0.004 0.300 0.098 
0.005 0.300 0.098 
0.006 0.300 0.097 
0.006 0.300 0.097 
0.007 0.300 0.096 
0.008 0.300 0.096 
0.009 0.300 0.095 
0.010 0.300 0.095 
0.011 0.300 0.094 
0.012 0.300 0.094 
0.013 0.300 0.093 
0.014 0.300 0.093 
0.015 0.300 0.092 
0.015 0.299 0.092 
0.016 0.299 0.091 
0.017 0.299 0.091 
0.018 0.299 0.090 
0.019 0.299 0.090 
0.020 0.299 0.089 
0.021 0.299 0.089 
0.021 0.299 0.088 
0.022 0.299 0.088 
0.023 0.299 0.087 
0.024 0.299 0.087 
0.024 0.299 0.087 
0.025 0.299 0.086 
0.026 0.299 0.086 
0.027 0.299 0.085 
0.028 0.298 0.085 
0.028 0.298 0.084 
0.029 0.298 0.084 
0.030 0.298 0.083 
0.031 0.298 0.083 
0.032 0.298 0.082 
0.032 0.298 0.082 
0.033 0.298 0.081 
0.034 0.298 0.081 
0.034 0.298 0.080 
0.035 0.298 0.080 
0.036 0.297 0.079 
0.037 0.297 0.079 
0.038 0.297 0.078 
0.039 0.297 0.078 
0.039 0.297 0.078 
0.040 0.297 0.077 
0.041 0.297 0.077 
0.041 0.297 0.076 
0.042 0.297 0.076 
0.043 0.297 0.075 
0.043 0.297 0.075 
0.044 0.297 0.074 
0.045 0.297 0.074 
0.046 0.296 0.073 
0.047 0.296 0.073 
0.047 0.296 0.073 
0.048 0.296 0.072 
0.049 0.296 0.072 
0.050 0.296 0.071 
0.050 0.296 0.071 
0.051 0.296 0.071 
0.052 0.296 0.070 
0.052 0.296 0.070 
0.053 0.296 0.069 
0.054 0.296 0.069 
0.055 0.296 0.068 
0.056 0.296 0.068 
0.056 0.296 0.067 
0.057 0.296 0.067 
0.058 0.296 0.067 
0.058 0.296 0.066 
0.059 0.296 0.066 
0.060 0.295 0.066 
0.061 0.295 0.065 
0.062 0.295 0.065 
0.062 0.295 0.064 
0.063 0.295 0.064 
0.064 0.295 0.063 
0.065 0.295 0.063 
0.066 0.295 0.063 
0.066 0.295 0.062 
0.067 0.295 0.062 
0.068 0.295 0.062 
0.069 0.295 0.061 
0.069 0.296 0.061 
0.070 0.296 0.060 
0.071 0.296 0.060 
0.072 0.296 0.060 
0.073 0.296 0.059 
0.074 0.296 0.059 
0.074 0.296 0.059 
0.075 0.296 0.058 
0.076 0.296 0.058 
0.077 0.296 0.058 
0.078 0.296 0.057 
0.078 0.296 0.057 
0.079 0.296 0.057 
0.080 0.296 0.056 
0.081 0.296 0.056 
0.082 0.297 0.055 
0.083 0.297 0.055 
0.084 0.297 0.055 
0.085 0.297 0.055 
0.086 0.297 0.054 
0.086 0.297 0.054 
0.087 0.297 0.054 
0.088 0.297 0.053 
0.089 0.298 0.053 
0.090 0.298 0.053 
0.091 0.298 0.052 
0.092 0.298 0.052 
0.093 0.298 0.052 
0.094 0.299 0.052 
0.095 0.299 0.051 
0.096 0.299 0.051 
0.097 0.299 0.051 
0.098 0.299 0.051 
0.099 0.300 0.050 
0.100 0.300 0.050 
0.101 0.300 0.050 
0.102 0.301 0.049 
0.103 0.301 0.049 
0.104 0.301 0.049 
0.105 0.301 0.049 
0.106 0.302 0.049 
0.107 0.302 0.048 
0.108 0.302 0.048 
0.109 0.303 0.048 
0.110 0.303 0.048 
0.111 0.303 0.047 
0.112 0.304 0.047 
0.113 0.304 0.047 
0.113 0.305 0.047 
0.114 0.305 0.047 
0.115 0.305 0.046 
0.116 0.306 0.046 
0.117 0.306 0.046 
0.118 0.307 0.046 
0.118 0.307 0.046 
0.119 0.308 0.046 
0.120 0.308 0.045 
0.121 0.309 0.045 
0.122 0.309 0.045 
0.123 0.309 0.045 
0.124 0.310 0.045 
0.124 0.310 0.045 
0.125 0.311 0.045 
0.126 0.311 0.044 
0.127 0.312 0.044 
0.127 0.312 0.044 
0.128 0.313 0.044 
0.129 0.313 0.044 
0.130 0.314 0.044 
0.131 0.315 0.044 
0.132 0.315 0.044 
0.132 0.316 0.043 
0.133 0.316 0.043 
0.134 0.317 0.043 
0.134 0.317 0.043 
0.135 0.318 0.043 
0.136 0.318 0.043 
0.137 0.319 0.043 
0.138 0.319 0.043 
0.138 0.320 0.043 
0.139 0.321 0.043 
0.140 0.321 0.043 
0.141 0.322 0.043 
0.141 0.322 0.043 
0.142 0.323 0.043 
0.143 0.323 0.043 
0.143 0.324 0.042 
0.144 0.324 0.042 
0.145 0.325 0.042 
0.146 0.325 0.042 
0.146 0.326 0.042 
0.147 0.327 0.042 
0.148 0.327 0.042 
0.149 0.328 0.042 
0.149 0.328 0.042 
0.150 0.329 0.042 
0.150 0.329 0.042 
0.151 0.330 0.042 
0.152 0.330 0.042 
0.153 0.331 0.042 
0.153 0.331 0.042 
0.154 0.332 0.042 
0.155 0.333 0.042 
0.156 0.333 0.043 
0.156 0.334 0.043 
0.157 0.334 0.043 
0.158 0.335 0.043 
0.159 0.335 0.043 
0.159 0.336 0.043 
0.160 0.336 0.043 
0.161 0.337 0.043 
0.162 0.337 0.043 
0.162 0.338 0.043 
0.163 0.338 0.043 
0.164 0.339 0.043 
0.165 0.339 0.043 
0.165 0.340 0.043 
0.166 0.340 0.043 
0.167 0.340 0.043 
0.168 0.341 0.044 
0.168 0.341 0.044 
0.169 0.342 0.044 
0.170 0.342 0.044 
0.171 0.343 0.044 
0.172 0.343 0.044 
0.173 0.343 0.044 
0.173 0.344 0.044 
0.174 0.344 0.045 
0.175 0.344 0.045 
0.176 0.345 0.045 
0.176 0.345 0.045 
0.177 0.345 0.045 
0.178 0.346 0.045 
0.179 0.346 0.045 
0.180 0.346 0.046 
0.181 0.347 0.046 
0.182 0.347 0.046 
0.183 0.347 0.046 
0.184 0.348 0.046 
0.184 0.348 0.047 
0.185 0.348 0.047 
0.186 0.348 0.047 
0.187 0.348 0.047 
0.188 0.349 0.047 
0.189 0.349 0.047 
0.190 0.349 0.048 
0.191 0.349 0.048 
0.192 0.349 0.048 
0.193 0.350 0.048 
0.194 0.350 0.049 
0.195 0.350 0.049 
0.196 0.350 0.049 
0.197 0.350 0.049 
0.198 0.350 0.049 
0.199 0.350 0.050 
0.200 0.350 0.050 
0.201 0.350 0.050 
0.202 0.350 0.051 
0.203 0.350 0.051 
0.205 0.350 0.051 
0.206 0.350 0.051 
0.207 0.350 0.052 
0.208 0.350 0.052 
0.209 0.350 0.052 
0.210 0.350 0.053 
0.211 0.350 0.053 
0.212 0.350 0.054 
0.213 0.350 0.054 
0.214 0.350 0.054 
0.215 0.350 0.055 
0.216 0.349 0.055 
0.217 0.349 0.056 
0.218 0.349 0.056 
0.219 0.349 0.056 
0.220 0.349 0.057 
0.221 0.349 0.057 
0.222 0.349 0.058 
0.223 0.349 0.058 
0.224 0.348 0.059 
0.225 0.348 0.059 
0.226 0.348 0.060 
0.227 0.348 0.060 
0.227 0.348 0.060 
0.228 0.348 0.061 
0.229 0.347 0.061 
0.230 0.347 0.062 
0.231 0.347 0.062 
0.232 0.347 0.063 
0.233 0.346 0.063 
0.234 0.346 0.064 
0.234 0.346 0.064 
0.235 0.346 0.065 
0.236 0.345 0.065 
0.237 0.345 0.066 
0.238 0.345 0.066 
0.238 0.345 0.067 
0.239 0.344 0.067 
0.240 0.344 0.068 
0.241 0.344 0.068 
0.242 0.343 0.069 
0.243 0.343 0.070 
0.243 0.343 0.070 
0.244 0.342 0.071 
0.245 0.342 0.071 
0.246 0.342 0.072 
0.246 0.341 0.072 
0.247 0.341 0.073 
0.248 0.341 0.073 
0.248 0.340 0.074 
0.249 0.340 0.074 
0.250 0.340 0.075 
0.251 0.339 0.075 
0.252 0.339 0.076 
0.252 0.338 0.077 
0.253 0.338 0.077 
0.254 0.338 0.078 
0.254 0.337 0.078 
0.255 0.337 0.079 
0.256 0.336 0.079 
0.257 0.336 0.080 
0.257 0.335 0.080 
0.258 0.335 0.081 
0.259 0.334 0.081 
0.260 0.334 0.082 
0.260 0.333 0.082 
0.261 0.333 0.083 
0.262 0.332 0.083 
0.262 0.332 0.084 
0.263 0.332 0.084 
0.264 0.331 0.085 
0.264 0.330 0.085 
0.265 0.330 0.086 
0.266 0.329 0.086 
0.267 0.329 0.087 
0.268 0.328 0.087 
0.268 0.328 0.088 
0.269 0.327 0.088 
0.270 0.327 0.089 
0.270 0.326 0.089 
0.271 0.325 0.089 
0.272 0.325 0.090 
0.272 0.324 0.090 
0.273 0.324 0.091 
0.274 0.323 0.091 
0.275 0.322 0.092 
0.276 0.322 0.092 
0.276 0.321 0.092 
0.277 0.321 0.093 
0.278 0.320 0.093 
0.278 0.319 0.093 
0.279 0.319 0.094 
0.280 0.318 0.094 
0.280 0.317 0.094 
0.281 0.317 0.095 
0.282 0.316 0.095 
0.283 0.315 0.096 
0.284 0.315 0.096 
0.285 0.314 0.096 
0.285 0.313 0.097 
0.286 0.313 0.097 
0.287 0.312 0.097 
0.287 0.311 0.097 
0.288 0.311 0.098 
0.289 0.310 0.098 
0.290 0.309 0.098 
0.291 0.308 0.098 
0.292 0.308 0.099 
0.293 0.307 0.099 
0.293 0.306 0.099 
0.294 0.305 0.099 
0.295 0.305 0.099 
0.296 0.304 0.099 
0.297 0.303 0.100 
0.297 0.302 0.100 
0.298 0.302 0.100 
0.299 0.301 0.100 
0.300 0.300 0.100 
0.301 0.299 0.100 
0.303 0.297 0.100 
0.304 0.296 0.100 
0.305 0.295 0.100 
0.306 0.294 0.101 
0.307 0.293 0.101 
0.309 0.292 0.101 
0.310 0.291 0.101 
0.311 0.289 0.101 
0.312 0.288 0.101 
0.314 0.287 0.101 
0.315 0.285 0.101 
0.316 0.284 0.100 
0.317 0.283 0.100 
0.318 0.282 0.100 
0.319 0.281 0.100 
0.320 0.280 0.100 
0.321 0.279 0.100 
0.322 0.277 0.100 
0.323 0.276 0.100 
0.324 0.275 0.100 
0.325 0.274 0.099 
0.326 0.272 0.099 
0.327 0.271 0.099 
0.328 0.270 0.099 
0.329 0.269 0.098 
0.329 0.268 0.098 
0.330 0.267 0.098 
0.331 0.265 0.098 
0.332 0.264 0.098 
0.333 0.263 0.097 
0.334 0.262 0.097 
0.334 0.260 0.097 
0.335 0.259 0.096 
0.336 0.258 0.096 
0.337 0.257 0.096 
0.338 0.255 0.095 
0.338 0.254 0.095 
0.339 0.253 0.095 
0.340 0.252 0.094 
0.340 0.251 0.094 
0.341 0.250 0.093 
0.342 0.249 0.093 
0.343 0.247 0.092 
0.344 0.246 0.092 
0.344 0.245 0.092 
0.345 0.243 0.091 
0.346 0.242 0.091 
0.346 0.241 0.090 
0.347 0.240 0.090 
0.347 0.239 0.089 
0.348 0.238 0.089 
0.349 0.237 0.088 
0.349 0.235 0.088 
0.350 0.234 0.087 
0.351 0.232 0.087 
0.352 0.231 0.086 
0.352 0.230 0.086 
0.353 0.229 0.085 
0.353 0.228 0.085 
0.354 0.227 0.084 
0.355 0.225 0.084 
0.355 0.224 0.083 
0.356 0.223 0.083 
0.356 0.222 0.082 
0.357 0.220 0.082 
0.358 0.219 0.081 
0.358 0.218 0.080 
0.359 0.217 0.080 
0.360 0.215 0.079 
0.360 0.214 0.079 
0.361 0.213 0.078 
0.361 0.212 0.078 
0.362 0.211 0.077 
0.363 0.210 0.076 
0.363 0.208 0.076 
0.364 0.207 0.075 
0.365 0.205 0.075 
0.365 0.204 0.074 
0.366 0.203 0.073 
0.367 0.202 0.073 
0.367 0.200 0.072 
0.368 0.199 0.072 
0.368 0.198 0.071 
0.369 0.197 0.070 
0.370 0.196 0.070 
0.370 0.194 0.069 
0.371 0.193 0.069 
0.372 0.192 0.068 
0.373 0.190 0.067 
0.374 0.189 0.067 
0.374 0.188 0.066 
0.375 0.187 0.066 
0.376 0.185 0.065 
0.376 0.184 0.064 
0.377 0.183 0.064 
0.378 0.182 0.063 
0.379 0.180 0.063 
0.379 0.179 0.062 
0.380 0.177 0.061 
0.381 0.176 0.061 
0.382 0.175 0.060 
0.383 0.174 0.060 
0.384 0.172 0.059 
0.384 0.171 0.059 
0.385 0.170 0.058 
0.386 0.169 0.057 
0.387 0.167 0.057 
0.388 0.166 0.056 
0.389 0.165 0.056 
0.390 0.163 0.055 
0.391 0.162 0.055 
0.392 0.160 0.054 
0.393 0.159 0.054 
0.394 0.158 0.053 
0.395 0.157 0.053 
0.396 0.155 0.052 
0.397 0.154 0.052 
0.398 0.153 0.051 
0.399 0.152 0.051 
0.400 0.150 0.050 
0.401 0.149 0.050 
0.402 0.148 0.049 
0.403 0.147 0.049 
0.403 0.146 0.048 
0.404 0.145 0.048 
0.405 0.144 0.048 
0.406 0.143 0.047 
0.406 0.142 0.047 
0.407 0.141 0.046 
0.408 0.139 0.046 
0.409 0.138 0.046 
0.410 0.137 0.045 
0.411 0.136 0.045 
0.411 0.135 0.044 
0.412 0.134 0.044 
0.413 0.133 0.043 
0.413 0.132 0.043 
0.414 0.131 0.043 
0.415 0.130 0.042 
0.415 0.129 0.042 
0.416 0.128 0.041 
0.417 0.126 0.041 
0.418 0.125 0.040 
0.418 0.124 0.040 
0.419 0.123 0.039 
0.420 0.122 0.039 
0.420 0.121 0.038 
0.421 0.120 0.038 
0.422 0.119 0.038 
0.422 0.118 0.037 
0.423 0.117 0.037 
0.423 0.116 0.036 
0.424 0.115 0.036 
0.425 0.114 0.035 
0.426 0.113 0.035 
0.426 0.112 0.034 
0.427 0.111 0.034 
0.427 0.110 0.033 
0.428 0.109 0.033 
0.429 0.108 0.032 
0.429 0.107 0.032 
0.430 0.106 0.032 
0.431 0.105 0.031 
0.431 0.104 0.031 
0.432 0.102 0.030 
0.433 0.101 0.030 
0.433 0.100 0.029 
0.434 0.099 0.029 
0.434 0.099 0.028 
0.435 0.098 0.028 
0.436 0.097 0.027 
0.436 0.096 0.027 
0.437 0.095 0.027 
0.438 0.094 0.026 
0.438 0.093 0.026 
0.439 0.092 0.025 
0.440 0.091 0.025 
0.440 0.090 0.024 
0.441 0.089 0.024 
0.442 0.088 0.023 
0.442 0.087 0.023 
0.443 0.086 0.023 
0.443 0.086 0.022 
0.444 0.085 0.022 
0.445 0.084 0.021 
0.446 0.083 0.021 
0.446 0.082 0.021 
0.447 0.081 0.020 
0.448 0.080 0.020 
0.449 0.079 0.019 
0.449 0.078 0.019 
0.450 0.078 0.019 
0.451 0.077 0.018 
0.451 0.076 0.018 
0.452 0.075 0.018 
0.453 0.074 0.017 
0.454 0.074 0.017 
0.455 0.073 0.017 
0.456 0.072 0.016 
0.456 0.071 0.016 
0.457 0.070 0.016 
0.458 0.070 0.015 
0.459 0.069 0.015 
0.459 0.068 0.015 
0.460 0.068 0.015 
0.461 0.067 0.014 
0.462 0.066 0.014 
0.463 0.065 0.014 
0.464 0.065 0.013 
0.465 0.064 0.013 
0.466 0.063 0.013 
0.467 0.063 0.013 
0.468 0.062 0.012 
0.468 0.062 0.012 
0.469 0.061 0.012 
0.470 0.061 0.012 
0.471 0.060 0.012 
0.472 0.059 0.012 
0.473 0.059 0.011 
0.475 0.058 0.011 
0.476 0.058 0.011 
0.477 0.057 0.011 
0.478 0.057 0.011 
0.479 0.056 0.011 
0.480 0.056 0.010 
0.481 0.055 0.010 
0.482 0.055 0.010 
0.483 0.054 0.010 
0.484 0.054 0.010 
0.486 0.054 0.010 
0.487 0.053 0.010 
0.488 0.053 0.010 
0.490 0.052 0.010 
0.491 0.052 0.010 
0.492 0.052 0.010 
0.493 0.051 0.010 
0.495 0.051 0.010 
0.496 0.051 0.010 
0.497 0.051 0.010 
0.499 0.050 0.010 
0.500 0.050 0.010 
0.501 0.050 0.010 
0.502 0.050 0.010 
0.503 0.049 0.010 
0.504 0.049 0.010 
0.505 0.049 0.010 
0.506 0.049 0.010 
0.507 0.049 0.011 
0.508 0.049 0.011 
0.509 0.049 0.011 
0.510 0.049 0.011 
0.512 0.049 0.011 
0.513 0.049 0.011 
0.514 0.049 0.012 
0.515 0.049 0.012 
0.516 0.049 0.012 
0.517 0.049 0.012 
0.517 0.049 0.013 
0.518 0.049 0.013 
0.519 0.049 0.013 
0.520 0.050 0.013 
0.521 0.050 0.014 
0.522 0.050 0.014 
0.523 0.050 0.014 
0.524 0.050 0.015 
0.525 0.050 0.015 
0.526 0.051 0.015 
0.526 0.051 0.015 
0.527 0.051 0.016 
0.528 0.051 0.016 
0.529 0.051 0.016 
0.530 0.052 0.017 
0.530 0.052 0.017 
0.531 0.052 0.018 
0.532 0.053 0.018 
0.533 0.053 0.018 
0.534 0.053 0.019 
0.535 0.054 0.019 
0.535 0.054 0.019 
0.536 0.054 0.020 
0.537 0.055 0.020 
0.537 0.055 0.021 
0.538 0.055 0.021 
0.539 0.056 0.021 
0.540 0.056 0.022 
0.541 0.057 0.022 
0.541 0.057 0.023 
0.542 0.058 0.023 
0.543 0.058 0.024 
0.544 0.059 0.024 
0.544 0.059 0.025 
0.545 0.059 0.025 
0.546 0.060 0.025 
0.546 0.060 0.026 
0.547 0.061 0.026 
0.548 0.061 0.027 
0.549 0.062 0.027 
0.549 0.063 0.028 
0.550 0.063 0.028 
0.551 0.064 0.029 
0.551 0.064 0.029 
0.552 0.065 0.030 
0.553 0.065 0.030 
0.553 0.066 0.030 
0.554 0.066 0.031 
0.555 0.067 0.031 
0.555 0.067 0.032 
0.556 0.068 0.032 
0.557 0.069 0.033 
0.558 0.069 0.033 
0.558 0.070 0.034 
0.559 0.070 0.034 
0.560 0.071 0.035 
0.560 0.071 0.035 
0.561 0.072 0.035 
0.562 0.073 0.036 
0.562 0.073 0.036 
0.563 0.074 0.037 
0.564 0.075 0.037 
0.565 0.075 0.038 
0.566 0.076 0.038 
0.566 0.076 0.039 
0.567 0.077 0.039 
0.568 0.078 0.039 
0.568 0.078 0.040 
0.569 0.079 0.040 
0.570 0.079 0.040 
0.570 0.080 0.041 
0.571 0.081 0.041 
0.572 0.081 0.042 
0.573 0.082 0.042 
0.574 0.083 0.043 
0.574 0.083 0.043 
0.575 0.084 0.043 
0.576 0.084 0.044 
0.577 0.085 0.044 
0.577 0.086 0.044 
0.578 0.086 0.045 
0.579 0.087 0.045 
0.580 0.087 0.045 
0.581 0.088 0.046 
0.582 0.089 0.046 
0.583 0.089 0.046 
0.583 0.090 0.047 
0.584 0.091 0.047 
0.585 0.091 0.047 
0.586 0.092 0.047 
0.587 0.092 0.048 
0.587 0.093 0.048 
0.588 0.093 0.048 
0.589 0.094 0.048 
0.590 0.095 0.048 
0.591 0.095 0.049 
0.592 0.096 0.049 
0.593 0.096 0.049 
0.594 0.097 0.049 
0.595 0.097 0.049 
0.596 0.098 0.050 
0.597 0.098 0.050 
0.598 0.099 0.050 
0.599 0.099 0.050 
0.600 0.100 0.050 
0.601 0.101 0.050 
0.602 0.101 0.050 
0.603 0.102 0.050 
0.604 0.102 0.050 
0.605 0.102 0.050 
0.606 0.103 0.050 
0.607 0.103 0.050 
0.607 0.104 0.050 
0.608 0.104 0.050 
0.609 0.104 0.050 
0.610 0.105 0.050 
0.612 0.105 0.050 
0.612 0.106 0.050 
0.613 0.106 0.050 
0.614 0.107 0.050 
0.615 0.107 0.050 
0.616 0.107 0.050 
0.617 0.108 0.050 
0.618 0.108 0.050 
0.618 0.108 0.050 
0.619 0.109 0.050 
0.620 0.109 0.049 
0.621 0.110 0.049 
0.622 0.110 0.049 
0.623 0.110 0.049 
0.624 0.111 0.049 
0.625 0.111 0.049 
0.626 0.111 0.049 
0.626 0.112 0.048 
0.627 0.112 0.048 
0.628 0.112 0.048 
0.629 0.113 0.048 
0.630 0.113 0.048 
0.631 0.113 0.047 
0.632 0.114 0.047 
0.633 0.114 0.047 
0.633 0.114 0.047 
0.634 0.115 0.047 
0.635 0.115 0.046 
0.636 0.115 0.046 
0.636 0.115 0.046 
0.637 0.116 0.046 
0.638 0.116 0.045 
0.639 0.116 0.045 
0.640 0.117 0.045 
0.641 0.117 0.045 
0.642 0.117 0.044 
0.642 0.118 0.044 
0.643 0.118 0.044 
0.644 0.118 0.044 
0.645 0.118 0.043 
0.645 0.119 0.043 
0.646 0.119 0.043 
0.647 0.119 0.042 
0.648 0.120 0.042 
0.649 0.120 0.042 
0.650 0.120 0.042 
0.650 0.121 0.041 
0.651 0.121 0.041 
0.652 0.121 0.041 
0.653 0.122 0.040 
0.653 0.122 0.040 
0.654 0.122 0.040 
0.655 0.123 0.040 
0.656 0.123 0.039 
0.657 0.123 0.039 
0.658 0.124 0.039 
0.658 0.124 0.038 
0.659 0.124 0.038 
0.660 0.125 0.038 
0.661 0.125 0.038 
0.661 0.125 0.037 
0.662 0.126 0.037 
0.663 0.126 0.037 
0.664 0.126 0.037 
0.664 0.127 0.036 
0.665 0.127 0.036 
0.666 0.127 0.036 
0.667 0.128 0.035 
0.668 0.128 0.035 
0.668 0.129 0.035 
0.669 0.129 0.035 
0.670 0.129 0.034 
0.671 0.130 0.034 
0.671 0.130 0.034 
0.672 0.131 0.034 
0.673 0.131 0.034 
0.674 0.131 0.033 
0.675 0.132 0.033 
0.675 0.132 0.033 
0.676 0.133 0.033 
0.677 0.133 0.032 
0.678 0.134 0.032 
0.678 0.134 0.032 
0.679 0.135 0.032 
0.680 0.135 0.032 
0.681 0.135 0.032 
0.681 0.136 0.031 
0.682 0.137 0.031 
0.683 0.137 0.031 
0.684 0.138 0.031 
0.685 0.138 0.031 
0.686 0.139 0.031 
0.686 0.139 0.031 
0.687 0.140 0.030 
0.688 0.140 0.030 
0.689 0.141 0.030 
0.689 0.141 0.030 
0.690 0.142 0.030 
0.691 0.143 0.030 
0.692 0.143 0.030 
0.693 0.144 0.030 
0.694 0.145 0.030 
0.694 0.145 0.030 
0.695 0.146 0.030 
0.696 0.147 0.030 
0.697 0.147 0.030 
0.697 0.148 0.030 
0.698 0.148 0.030 
0.699 0.149 0.030 
0.700 0.150 0.030 
0.701 0.151 0.030 
0.703 0.152 0.030 
0.704 0.154 0.030 
0.705 0.155 0.030 
0.706 0.156 0.030 
0.708 0.157 0.031 
0.709 0.158 0.031 
0.710 0.159 0.031 
0.711 0.160 0.031 
0.712 0.162 0.031 
0.714 0.163 0.032 
0.715 0.164 0.032 
0.716 0.166 0.032 
0.717 0.167 0.032 
0.718 0.168 0.032 
0.719 0.169 0.033 
0.720 0.170 0.033 
0.721 0.171 0.033 
0.722 0.172 0.033 
0.723 0.173 0.033 
0.724 0.175 0.034 
0.726 0.176 0.034 
0.727 0.177 0.034 
0.728 0.178 0.035 
0.729 0.180 0.035 
0.729 0.181 0.035 
0.730 0.182 0.035 
0.731 0.183 0.036 
0.732 0.184 0.036 
0.733 0.185 0.036 
0.734 0.186 0.037 
0.735 0.187 0.037 
0.736 0.189 0.037 
0.737 0.190 0.038 
0.737 0.191 0.038 
0.738 0.192 0.039 
0.739 0.193 0.039 
0.740 0.195 0.039 
0.741 0.196 0.040 
0.741 0.197 0.040 
0.742 0.198 0.040 
0.743 0.199 0.041 
0.744 0.200 0.041 
0.744 0.202 0.042 
0.745 0.203 0.042 
0.746 0.204 0.043 
0.747 0.205 0.043 
0.747 0.206 0.043 
0.748 0.207 0.044 
0.749 0.209 0.044 
0.749 0.210 0.045 
0.750 0.211 0.045 
0.751 0.212 0.045 
0.751 0.213 0.046 
0.752 0.215 0.046 
0.753 0.216 0.047 
0.754 0.217 0.047 
0.754 0.218 0.048 
0.755 0.219 0.048 
0.756 0.221 0.049 
0.756 0.222 0.049 
0.757 0.223 0.050 
0.757 0.224 0.050 
0.758 0.225 0.051 
0.759 0.226 0.051 
0.759 0.228 0.052 
0.760 0.229 0.052 
0.761 0.230 0.053 
0.762 0.232 0.053 
0.762 0.233 0.054 
0.763 0.234 0.054 
0.763 0.235 0.055 
0.764 0.236 0.055 
0.765 0.237 0.056 
0.765 0.239 0.056 
0.766 0.240 0.057 
0.767 0.241 0.057 
0.767 0.243 0.058 
0.768 0.244 0.058 
0.769 0.245 0.059 
0.769 0.246 0.059 
0.770 0.248 0.060 
0.770 0.249 0.060 
0.771 0.250 0.061 
0.772 0.251 0.061 
0.772 0.252 0.062 
0.773 0.254 0.062 
0.774 0.255 0.063 
0.775 0.257 0.064 
0.775 0.258 0.064 
0.776 0.259 0.065 
0.777 0.260 0.065 
0.777 0.262 0.066 
0.778 0.263 0.066 
0.779 0.264 0.067 
0.779 0.265 0.067 
0.780 0.267 0.068 
0.781 0.268 0.068 
0.781 0.269 0.069 
0.782 0.271 0.069 
0.783 0.272 0.070 
0.784 0.274 0.070 
0.785 0.275 0.071 
0.785 0.276 0.071 
0.786 0.278 0.072 
0.787 0.279 0.072 
0.788 0.280 0.073 
0.788 0.281 0.073 
0.789 0.283 0.074 
0.790 0.284 0.075 
0.791 0.286 0.075 
0.792 0.288 0.076 
0.793 0.289 0.076 
0.794 0.290 0.077 
0.795 0.292 0.077 
0.795 0.293 0.078 
0.796 0.294 0.078 
0.797 0.296 0.078 
0.798 0.297 0.079 
0.799 0.298 0.079 
0.800 0.300 0.080 
